inst/extdata/EV_continuous/pca1.asc
ncols         158
nrows         201
xllcorner     249000
yllcorner     6531500
cellsize      500
NODATA_value  -9999
[rows 116 to 144 of 201, columns 0 to 65 of 158]
-9999 -9999 -9999 -9999 -9999 -9999 -9999 -9999 -9999 0.000602 0.000602 0.000601 -9999 -9999 0.00059 0.000585 0.000577 0.000567 0.000531 0.000528 0.000523 0.000525 0.000515 0.000499 0.000471 0.00045 0.000449 0.000434 0.000423 0.000412 0.000402 0.0004 0.000342 0.00029 0.00035 0.000412 0.000403 0.000391 0.000369 0.000341 0.000326 0.000319 0.000408 0.000503 0.000561 0.000612 0.000584 0.000551 0.000538 0.000514 0.000439 0.000364 0.000263 0.000174 0.000208 0.000246 0.000264 0.000281 0.000249 0.000222 0.000279 0.00034 0.000417 0.000497 0.00046 0.00042
-9999 -9999 -9999 -9999 -9999 -9999 -9999 -9999 -9999 0.000595 0.000594 0.000569 -9999 -9999 0.00056 0.000554 0.000545 -9999 0.000496 0.000481 0.000442 0.00039 0.000434 0.00042 0.000411 0.00032 0.000407 0.00041 0.000423 0.00042 0.000401 0.00043 0.000327 0.00017 0.000323 0.00036 0.000385 0.00037 0.000359 0.00031 0.000322 0.00028 0.000412 0.00052 0.000564 0.00066 0.00059 0.00052 0.000537 0.00054 0.000458 0.00045 0.000276 5e-005 0.00021 0.00029 0.000243 0.00018 0.000196 7e-005 0.000241 0.00028 0.000422 0.00062 0.000521 0.00055
-9999 -9999 -9999 -9999 -9999 -9999 -9999 -9999 -9999 0.000564 0.000562 -9999 -9999 -9999 -9999 0.00054 0.000494 0.000486 0.000477 0.000458 0.000435 0.000413 0.000383 0.000357 0.00039 0.000428 0.000469 0.000506 0.000449 0.0004 0.000374 0.000358 0.000337 0.000314 0.000357 0.000399 0.000417 0.000436 0.000388 0.000346 0.000324 0.000302 0.000416 0.000529 0.000574 0.000616 0.00059 0.000568 0.000547 0.000522 0.000448 0.000375 0.000292 0.000197 0.000235 0.000278 0.000284 0.00029 0.000253 0.000209 0.000282 0.000358 0.000435 0.000507 0.000522 0.000542
-9999 -9999 -9999 -9999 -9999 -9999 -9999 -9999 -9999 -9999 0.000555 0.000553 0.000549 -9999 -9999 0.00049 0.000493 0.000483 0.000462 0.000451 0.000433 0.000403 0.000325 0.00015 0.000385 0.00047 0.000531 0.00071 0.000485 0.00032 0.000356 0.00032 0.000338 0.00035 0.000394 0.00047 0.000454 0.00055 0.000425 0.00035 0.000325 0.0001 0.00042 0.00061 0.000584 0.00064 0.000593 0.00062 0.000553 0.00058 0.000437 0.00032 0.000293 0.00021 0.000267 0.00032 0.000333 0.00043 0.000304 0.00014 0.000327 0.00043 0.000445 0.00045 0.000528 0.00065
-9999 -9999 -9999 -9999 -9999 -9999 -9999 -9999 -9999 -9999 0.000549 0.000546 0.000522 -9999 -9999 -9999 -9999 0.000481 0.000463 0.000452 0.000438 0.000428 0.000397 0.000382 0.000457 0.000525 0.000562 0.0006 0.000487 0.000375 0.000359 0.00035 0.000344 0.000362 0.000393 0.000419 0.000435 0.000453 0.000449 0.000447 0.000432 0.00042 0.000514 0.0006 0.000577 0.000555 0.000537 0.000516 0.000495 0.000478 0.000427 0.000362 0.000317 0.000269 0.00028 0.00029 0.000365 0.000427 0.000389 0.00035 0.000404 0.00047 0.000481 0.000485 0.000527 0.000556
-9999 -9999 -9999 -9999 -9999 -9999 -9999 -9999 -9999 -9999 -9999 -9999 -9999 -9999 -9999 0.000494 -9999 0.000471 0.000473 0.000466 0.000457 0.000452 0.000458 0.00047 0.000524 0.00063 0.0006 0.00071 0.00049 0.00027 0.000348 0.000357 0.000351 0.000375 0.000397 0.00039 0.000411 0.00039 0.000465 0.00057 0.000546 0.00058 0.000609 0.00074 0.000573 0.00045 0.000476 0.00043 0.000442 0.00043 0.000408 0.00038 0.000357 0.000314 0.000285 0.00017 0.000392 0.0006 0.000472 0.00043 0.000492 0.00062 0.000512 0.00042 0.000515 0.00058
-9999 -9999 -9999 -9999 -9999 -9999 -9999 -9999 -9999 -9999 -9999 -9999 -9999 -9999 -9999 -9999 -9999 -9999 0.000477 0.000475 0.000474 0.00048 0.000485 0.000497 0.000554 0.000599 0.000583 0.000569 0.000481 0.000386 0.000376 0.000379 0.000357 0.000391 0.00041 0.000409 0.00041 0.000424 0.000474 0.000542 0.000594 0.000643 0.000642 0.000639 0.000567 0.000486 0.000455 0.000424 0.000411 0.000398 0.000397 0.000395 0.000371 0.000356 0.000336 0.000329 0.000424 0.000515 0.000494 0.000471 0.000498 0.000519 0.000536 0.000551 0.000546 0.000539
-9999 -9999 -9999 -9999 -9999 -9999 -9999 -9999 -9999 -9999 -9999 -9999 -9999 -9999 -9999 -9999 -9999 0.000486 0.000485 0.000485 0.000493 0.00049 0.000506 0.000533 0.000599 0.00068 0.000579 0.00053 0.000467 0.00036 0.000392 0.000392 0.000387 0.000396 0.00041 0.00041 0.00041 0.0004 0.00045 0.000561 0.000688 0.00079 0.000681 0.00063 0.000554 0.00042 0.000435 0.00037 0.000382 0.00033 0.000396 0.00042 0.000411 0.000393 0.000384 0.00033 0.000454 0.00061 0.000513 0.0005 0.000494 0.00046 0.000556 0.00071 0.000578 0.00056
-9999 -9999 -9999 -9999 -9999 -9999 -9999 -9999 -9999 -9999 -9999 -9999 -9999 -9999 -9999 -9999 -9999 0.000491 0.000492 0.0005 0.000505 0.000502 0.00052 0.000543 0.000581 0.000606 0.000564 0.000522 0.000474 0.000415 0.000405 0.000401 0.000396 0.000413 0.00042 0.000423 0.000416 0.000417 0.000466 0.000585 0.000703 0.000753 0.000707 0.000651 0.000586 0.000524 0.000468 0.000421 0.000413 0.000408 0.000416 0.00042 0.00043 0.000427 0.000423 0.000427 0.000464 0.000503 0.000498 0.000504 0.000503 0.000507 0.000543 0.000571 0.000546 0.000522
-9999 -9999 -9999 -9999 -9999 -9999 -9999 -9999 -9999 -9999 -9999 -9999 -9999 -9999 -9999 -9999 -9999 -9999 0.000504 0.000508 0.000499 0.000509 0.000521 0.000536 0.000551 0.000556 0.000539 0.000512 0.000487 0.000458 0.00044 0.000435 0.000425 0.000433 0.00044 0.00043 0.000421 0.00038 0.000453 0.000591 0.000738 0.00084 0.000732 0.00067 0.000625 0.0006 0.000511 0.0004 0.000448 0.00044 0.000443 0.00038 0.000439 0.00041 0.000451 0.00048 0.000467 0.00049 0.00047 0.000472 0.000502 0.000517 0.000524 0.0005 0.000516 0.00049
-9999 -9999 -9999 -9999 -9999 -9999 -9999 -9999 -9999 -9999 -9999 -9999 -9999 0.000497 -9999 -9999 -9999 -9999 0.00049 -9999 0.000503 0.000509 0.000519 0.000527 0.000531 0.000532 0.000522 0.000521 0.000499 0.000477 0.000463 0.000469 0.000464 0.000472 0.000475 0.000465 0.000433 0.000407 0.000463 0.000599 0.000753 0.000812 0.000762 0.000688 0.000636 0.000602 0.000549 0.000516 0.000522 0.00052 0.000517 0.000522 0.000516 0.000505 0.000484 0.000459 0.000441 0.000426 0.000435 0.000453 0.000481 0.000508 0.000516 0.000504 0.00051 0.000509
-9999 -9999 -9999 -9999 -9999 -9999 -9999 -9999 -9999 -9999 -9999 -9999 -9999 0.000499 -9999 -9999 -9999 -9999 0.000494 0.000499 0.000502 -9999 0.000515 0.000519 0.000518 0.000524 0.000518 0.000529 0.000526 0.000513 0.0005 0.000485 0.000516 0.000514 0.000512 0.00051 0.00046 0.0003 0.000447 0.000608 0.000798 0.00095 0.000816 0.000701 0.000643 0.00063 0.000596 0.00057 0.000582 0.00062 0.000595 0.00069 0.000589 0.00065 0.000515 0.00044 0.000409 0.00031 0.000376 0.000403 0.00043 0.000448 0.00047 0.000486 0.000511 0.00056
-9999 -9999 -9999 -9999 -9999 -9999 -9999 -9999 -9999 -9999 -9999 -9999 -9999 -9999 -9999 -9999 -9999 -9999 -9999 0.000497 -9999 0.000506 0.000511 0.000512 0.000517 0.000516 0.000544 0.000555 0.000537 0.000523 0.00051 0.000526 0.000546 0.000557 0.000573 0.000585 0.000537 0.000486 0.000523 0.000609 0.00075 0.000832 0.000784 0.000715 0.000662 0.000648 0.000657 0.000662 0.000642 0.000618 0.000585 0.000552 0.000554 0.000561 0.000504 0.000453 0.00042 0.000371 0.000384 0.0004 0.000397 0.000399 0.000416 0.000443 0.000471 0.00047
-9999 -9999 -9999 -9999 -9999 -9999 -9999 -9999 -9999 -9999 -9999 0.000501 0.000501 -9999 -9999 -9999 -9999 -9999 -9999 -9999 -9999 0.000505 -9999 0.00052 0.000531 0.000566 0.000563 0.000554 0.000546 0.000555 0.000555 0.000551 0.000576 0.000601 0.000653 0.00072 0.000614 0.00055 0.000575 0.000622 0.000696 0.000744 0.000747 0.000712 0.000692 0.00069 0.000714 0.00082 0.000687 0.00066 0.000569 0.0004 0.000496 0.000518 0.000497 0.000467 0.00042 0.0004 0.000392 0.00041 0.000378 0.000351 0.000357 0.000388 0.000399 0.000376
-9999 -9999 -9999 -9999 -9999 -9999 -9999 -9999 -9999 -9999 -9999 0.000502 0.000487 0.000487 0.000488 -9999 -9999 -9999 -9999 -9999 -9999 0.000503 0.000541 0.000544 0.000535 0.000554 0.000559 0.000561 0.000561 -9999 -9999 0.000576 0.000602 0.000644 0.000684 0.000707 0.000665 0.000637 0.000631 0.00064 0.000676 0.000721 0.000719 0.000726 0.000702 0.000693 0.00071 0.000723 0.00069 0.000662 0.000586 0.000507 0.000514 0.000509 0.000498 0.000478 0.000424 0.000391 0.000365 0.00035 0.000315 0.000263 0.000291 0.000329 -9999 -9999
-9999 -9999 -9999 -9999 -9999 -9999 -9999 -9999 -9999 -9999 -9999 -9999 -9999 -9999 -9999 -9999 -9999 -9999 -9999 -9999 -9999 0.000522 0.000543 0.000535 -9999 0.000572 0.000575 0.000584 0.00057 -9999 -9999 -9999 0.000619 0.000667 0.000732 0.0008 0.00072 0.00073 0.000687 0.00066 0.000671 0.000707 0.000704 0.000722 0.000706 0.000703 0.000698 0.00072 0.000701 0.00074 0.000598 0.00045 0.000515 0.00049 0.000509 0.000494 0.00044 0.00039 0.000332 0.00029 0.000272 0.00019 0.000245 0.0003 0.00032 -9999
-9999 -9999 -9999 -9999 -9999 -9999 -9999 -9999 -9999 -9999 -9999 -9999 -9999 -9999 -9999 -9999 -9999 -9999 -9999 -9999 -9999 -9999 0.000534 0.000537 0.000574 0.000576 0.000586 -9999 0.000577 -9999 -9999 0.000598 0.000624 0.000668 0.000716 0.00074 0.000713 0.000701 0.000687 0.000676 0.000679 0.000702 0.000709 0.00072 0.000697 0.000692 0.000697 0.000694 0.00068 0.000668 0.000603 0.000559 0.000556 0.000549 0.000542 0.000505 0.000456 0.000404 0.000349 0.000313 0.000282 0.00024 0.000262 0.000298 -9999 0.00034
-9999 -9999 -9999 -9999 -9999 -9999 -9999 -9999 -9999 -9999 -9999 -9999 -9999 -9999 -9999 -9999 -9999 -9999 -9999 -9999 -9999 -9999 0.000536 0.000556 0.000585 0.000589 -9999 -9999 -9999 -9999 -9999 -9999 0.000633 0.000656 0.000687 0.000696 0.000689 0.000683 0.000678 -9999 0.000681 0.00071 0.000706 0.000718 0.000701 0.00069 0.000671 0.000669 0.000653 0.000634 0.000612 0.00061 0.00059 0.0006 0.00057 0.000532 0.000478 0.00043 0.000383 0.000335 0.000311 0.000285 0.000289 0.000311 -9999 0.000352
-9999 -9999 -9999 -9999 -9999 -9999 -9999 -9999 -9999 -9999 -9999 -9999 -9999 -9999 -9999 -9999 -9999 -9999 -9999 -9999 -9999 -9999 -9999 0.00059 0.000588 0.000603 -9999 -9999 -9999 -9999 -9999 -9999 0.000627 0.000643 0.000667 0.000672 0.000671 0.000678 0.000672 -9999 -9999 0.000705 0.000698 -9999 0.000691 -9999 0.000655 0.000646 0.000637 0.000629 0.000619 0.000624 0.000599 0.000583 0.000568 0.00054 0.000503 0.000466 0.000416 0.000361 0.000336 0.000318 0.00031 0.000324 -9999 0.000369
-9999 -9999 -9999 -9999 -9999 -9999 -9999 -9999 -9999 -9999 -9999 -9999 -9999 -9999 -9999 -9999 -9999 -9999 -9999 -9999 -9999 -9999 -9999 0.000613 0.000615 0.000616 -9999 -9999 -9999 -9999 -9999 -9999 0.000629 0.000641 0.000653 0.000657 0.000666 0.00067 0.000667 -9999 -9999 0.000712 0.000713 0.000688 0.000685 0.000655 0.000634 0.000629 0.000626 0.000613 0.000638 0.0007 0.000607 0.00058 0.000562 0.000532 0.000508 0.000481 0.000446 0.000397 0.00036 0.000347 0.000325 0.000337 0.000357 0.000402
-9999 -9999 -9999 -9999 -9999 -9999 -9999 -9999 -9999 -9999 -9999 -9999 -9999 -9999 -9999 -9999 -9999 -9999 -9999 -9999 -9999 -9999 -9999 -9999 -9999 -9999 -9999 -9999 -9999 -9999 -9999 -9999 0.000635 0.000641 0.000645 0.000662 0.000666 0.000665 0.000672 0.000675 -9999 -9999 0.000709 0.000683 0.00065 0.000629 0.000625 0.000618 0.000611 0.000598 0.000601 0.0006 0.000565 0.00053 0.000529 0.000525 0.000507 0.000489 0.000468 0.000429 0.000384 0.00037 0.000338 0.000386 0.000396 0.000408
-9999 -9999 -9999 -9999 -9999 -9999 -9999 -9999 -9999 -9999 -9999 -9999 -9999 -9999 -9999 -9999 -9999 -9999 -9999 -9999 -9999 -9999 -9999 -9999 -9999 -9999 -9999 -9999 -9999 -9999 -9999 0.000624 0.000631 0.000635 0.000654 0.000651 0.000652 0.000661 0.000669 0.000687 -9999 0.000713 0.000706 0.000657 -9999 0.00062 0.000614 -9999 0.000592 0.000579 0.000566 0.00055 0.000521 0.00044 0.000488 0.000508 0.000501 0.000491 0.000474 0.000442 0.0004 0.000382 0.000386 -9999 0.000416 0.00045
-9999 -9999 -9999 -9999 -9999 -9999 -9999 -9999 -9999 -9999 -9999 -9999 -9999 -9999 -9999 -9999 -9999 -9999 -9999 -9999 -9999 -9999 -9999 -9999 -9999 -9999 -9999 -9999 -9999 -9999 -9999 0.000623 0.000629 0.000632 0.000646 0.000647 0.000648 0.000649 0.000675 0.000681 -9999 -9999 0.000689 -9999 -9999 0.000611 0.000605 0.000597 0.000582 0.000568 0.000556 0.000542 0.000511 0.000482 0.000489 0.0005 0.000497 0.000492 0.000479 0.000451 0.000425 0.000393 0.000401 -9999 0.000436 0.000466
-9999 -9999 -9999 -9999 -9999 -9999 -9999 -9999 -9999 -9999 -9999 -9999 -9999 -9999 -9999 -9999 -9999 -9999 -9999 -9999 -9999 -9999 -9999 -9999 -9999 -9999 -9999 -9999 -9999 -9999 -9999 -9999 -9999 0.00063 0.000631 0.000644 0.000646 0.000646 0.000652 0.000655 0.00069 -9999 0.000653 -9999 0.000618 0.000605 -9999 0.000584 0.000575 0.000561 0.000549 0.000528 0.000496 0.00047 0.000485 0.000497 0.000495 0.000492 0.000482 0.000464 0.000433 0.000405 0.000428 -9999 0.000452 0.000459
-9999 -9999 -9999 -9999 -9999 -9999 -9999 -9999 -9999 -9999 -9999 -9999 -9999 -9999 -9999 -9999 -9999 -9999 -9999 -9999 -9999 -9999 -9999 -9999 -9999 -9999 -9999 0.000619 0.000621 -9999 -9999 0.000639 0.000624 0.000649 0.00065 0.000634 0.000647 0.000646 0.000647 -9999 -9999 -9999 -9999 -9999 -9999 0.000584 -9999 0.000579 0.000571 0.000557 0.000545 0.000524 0.000502 0.000488 0.00049 0.000498 0.000494 0.000491 0.00049 0.000466 0.000439 -9999 0.000429 -9999 0.00045 0.000456
-9999 -9999 -9999 -9999 -9999 -9999 -9999 -9999 -9999 -9999 -9999 -9999 -9999 -9999 0.000574 -9999 -9999 -9999 -9999 -9999 -9999 -9999 -9999 -9999 -9999 -9999 0.000653 0.000643 0.000638 -9999 0.000642 0.000643 0.000644 0.000648 0.000647 0.000646 0.000622 0.00063 -9999 -9999 -9999 -9999 -9999 -9999 -9999 -9999 -9999 0.00056 0.000556 0.00055 -9999 0.00053 0.000515 0.000507 0.000499 0.000502 0.000504 0.000491 0.000491 0.000467 0.000436 0.000409 -9999 -9999 0.000423 0.000434
-9999 -9999 -9999 -9999 -9999 -9999 -9999 -9999 -9999 -9999 -9999 -9999 -9999 -9999 -9999 -9999 -9999 -9999 -9999 -9999 -9999 -9999 -9999 -9999 -9999 0.000654 0.000654 0.000641 0.000642 0.000642 -9999 -9999 0.000644 0.000652 0.000651 0.000656 0.000654 0.000651 0.000646 0.000625 -9999 -9999 -9999 -9999 -9999 -9999 -9999 0.000565 0.000552 -9999 0.000541 0.000535 0.000528 0.000514 0.000513 0.000506 0.000494 0.000496 0.000483 0.000467 -9999 -9999 -9999 -9999 0.000409 0.00041
-9999 -9999 -9999 -9999 -9999 -9999 -9999 -9999 -9999 -9999 -9999 -9999 -9999 -9999 -9999 -9999 0.000656 0.000658 -9999 -9999 -9999 -9999 -9999 -9999 -9999 0.000651 0.000642 0.000641 0.000641 0.000641 0.000647 0.000649 0.00065 0.000656 0.000655 0.000654 0.000652 0.000648 0.000639 0.000632 -9999 -9999 -9999 -9999 -9999 0.000545 0.000541 -9999 -9999 -9999 -9999 -9999 0.000524 0.000524 0.00051 0.000501 0.000493 -9999 -9999 0.000467 -9999 -9999 -9999 -9999 0.000384 0.000365
-9999 -9999 -9999 -9999 -9999 -9999 -9999 -9999 -9999 -9999 -9999 -9999 -9999 -9999 -9999 -9999 -9999 0.000661 0.000655 -9999 -9999 -9999 -9999 -9999 0.000656 0.000642 0.000641 0.000644 0.000643 0.000642 0.000647 0.00065 0.000652 0.000654 0.000654 0.000654 0.000649 0.000646 0.000641 0.000624 -9999 -9999 0.000564 -9999 -9999 0.000532 0.00053 -9999 -9999 -9999 -9999 -9999 -9999 0.000528 0.000526 0.00052 -9999 -9999 0.000462 0.000441 0.000397 -9999 -9999 -9999 -9999 0.000345
