inst/extdata/EV_continuous/pca1.asc
ncols         158
nrows         201
xllcorner     249000
yllcorner     6531500
cellsize      500
NODATA_value  -9999
[rows 87 to 115 of 201, columns 0 to 65 of 158]
-9999 -9999 -9999 -9999 -9999 -9999 -9999 -9999 0.000551 0.000512 0.000423 0.00025 0.000541 0.00072 0.0007 0.00074 0.000761 0.00078 0.000807 0.00083 0.00083 0.00082 0.000813 0.00079 0.000786 0.00079 0.000782 0.00081 0.000805 0.00084 0.000806 0.00079 0.000762 0.00071 0.000699 0.0007 0.000537 0.00032 0.000342 0.00021 0.000281 0.00023 0.000345 0.00044 0.000374 0.00028 0.000341 0.00035 0.000331 0.00037 0.000304 0.00032 0.000257 0.00022 0.000222 0.0002 0.000185 7e-005 0.000212 0.00035 0.000217 0.00012 0.000227 0.00035 0.000308 0.00033
-9999 -9999 -9999 -9999 -9999 -9999 -9999 -9999 0.000565 0.000541 0.000504 0.000489 0.000589 0.000678 0.000699 0.000719 0.000749 0.000781 0.000804 0.000824 0.000841 0.000855 0.000833 0.000818 0.000798 0.000767 0.000774 0.000781 0.000774 0.000776 0.000742 0.000704 0.000711 0.000715 0.000693 0.000668 0.000566 0.000471 0.000386 0.000309 0.000298 0.000287 0.000326 0.000373 0.000347 0.000318 0.000316 0.000308 0.000271 0.000254 0.000224 0.000202 0.000213 0.00021 0.000197 0.000185 0.000181 0.000175 0.000191 0.000218 0.000187 0.000165 0.000217 0.000263 0.00032 0.000381
-9999 -9999 -9999 -9999 -9999 -9999 -9999 -9999 0.000585 0.000578 0.000567 0.00054 0.000635 0.00075 0.0007 0.00068 0.000741 0.00079 0.000802 0.00081 0.000853 0.00093 0.00086 0.00085 0.000799 0.00071 0.000764 0.00078 0.000752 0.00078 0.000674 0.00054 0.000657 0.00072 0.000686 0.0007 0.000604 0.00057 0.000438 0.0003 0.000314 0.00023 0.000316 0.00038 0.000318 0.0003 0.000284 0.00034 0.000229 0.00018 0.000151 2e-005 0.000157 0.00016 0.000176 0.00011 0.000176 0.00023 0.000181 0.00017 0.000166 0.00011 0.000201 0.00016 0.000337 0.00041
-9999 -9999 -9999 -9999 -9999 -9999 -9999 -9999 0.00061 0.000617 0.00063 0.000643 0.000666 0.000698 0.000691 0.000697 0.000732 0.000779 0.000813 0.000836 0.000847 0.000857 0.000844 0.000832 0.00082 0.000812 0.000778 0.000739 0.000696 0.000657 0.000624 0.000593 0.000645 0.000701 0.000698 0.000693 0.000634 0.000568 0.000489 0.000411 0.000383 0.000357 0.000329 0.000306 0.000274 0.000241 0.000214 0.000193 0.00015 0.000103 0.00013 0.000157 0.00022 0.000289 0.000239 0.000186 0.000172 0.00017 0.000159 0.000152 0.000181 0.000206 0.000259 0.000317 0.000415 0.000512
-9999 -9999 -9999 -9999 -9999 -9999 -9999 -9999 0.00063 0.000648 0.000692 0.00075 0.000697 0.0007 0.000687 0.00066 0.00071 0.000775 0.000833 0.00088 0.000842 0.00081 0.000826 0.00082 0.000846 0.00095 0.000787 0.00068 0.000645 0.00052 0.000576 0.00051 0.000637 0.00073 0.000711 0.00072 0.000659 0.00058 0.00054 0.00048 0.000452 0.00052 0.000346 0.00026 0.000227 0.00016 0.000151 5e-005 7e-005 -0.0001 0.000109 0.00019 0.000292 0.00057 0.000301 0.00018 0.000179 0.00013 0.000141 6e-005 0.000193 0.00025 0.000322 0.00041 0.000491 0.00067
-9999 -9999 -9999 -9999 -9999 -9999 -9999 -9999 0.000641 0.00066 0.000688 0.000707 0.000693 0.000695 0.000689 0.000693 0.000729 0.000781 0.000823 0.000843 0.000836 0.000828 0.000815 0.000802 0.000814 0.000827 0.000778 0.000732 0.000657 0.000576 0.000584 0.000599 0.00065 0.000706 0.00074 0.000766 0.000716 0.000661 0.000593 0.00052 0.000443 0.000377 0.000298 0.000226 0.000217 0.000204 0.000173 0.000139 0.000126 0.000116 0.000146 0.000189 0.00029 0.000391 0.000309 0.000224 0.000201 0.000184 0.000195 0.000204 0.000273 0.000336 0.000362 0.000397 0.000491 0.000585
-9999 -9999 -9999 -9999 -9999 -9999 0.00063 0.000636 0.000647 0.00066 0.000673 0.000682 0.000696 0.000695 0.000712 0.000722 0.000752 -9999 0.00081 0.000823 0.000833 0.00086 0.000803 0.00075 0.000783 0.00079 0.000773 0.00082 0.000662 0.00052 0.000597 0.00065 0.000668 0.0007 0.000764 0.00089 0.000769 0.00075 0.000641 0.00058 0.000445 0.00027 0.000257 8e-005 0.000205 0.00023 0.000195 0.00015 0.000186 0.0003 0.000193 9e-005 0.00029 0.00047 0.000316 0.00013 0.000228 0.00021 0.000248 0.00023 0.000348 0.0005 0.00041 0.00032 0.000488 0.00064
-9999 -9999 -9999 -9999 -9999 0.000629 0.000633 0.000642 0.000649 0.000657 0.000671 0.000692 0.000695 0.000698 0.000725 0.000739 -9999 -9999 0.000808 0.000818 0.00081 0.0008 0.000781 0.000762 0.00077 0.000769 0.000745 0.000717 0.000644 0.000576 0.00059 0.000608 0.000668 0.000732 0.000779 0.000813 0.000779 0.00074 0.000656 0.000579 0.000466 0.000351 0.000301 0.000245 0.000264 0.000285 0.000244 0.000207 0.000185 0.000175 0.000199 0.000224 0.000341 0.000444 0.000379 0.000307 0.000288 0.000275 0.00032 0.000365 0.000406 0.000449 0.00042 0.000395 0.000471 0.000546
-9999 -9999 -9999 -9999 -9999 0.000632 0.000639 0.000643 -9999 0.000662 0.000688 0.000692 0.000696 0.000727 0.000738 -9999 0.000777 0.000792 0.000814 0.00083 0.00079 0.00075 0.000754 0.00072 0.000748 0.00079 0.000717 0.00069 0.000629 0.00056 0.000583 0.00055 0.000671 0.00079 0.000783 0.00082 0.000785 0.00077 0.000679 0.00062 0.000486 0.00034 0.000338 0.0003 0.000325 0.00045 0.000297 0.00027 0.000195 6e-005 0.000203 0.00019 0.000382 0.00063 0.000439 0.00039 0.00035 0.00032 0.00039 0.00054 0.000465 0.00055 0.000431 0.00033 0.000452 0.00056
-9999 -9999 -9999 -9999 -9999 0.000637 0.00064 0.000653 -9999 0.000662 0.000689 0.000694 0.000699 0.000734 -9999 -9999 0.00078 0.000789 0.000801 0.000805 0.000783 0.000753 0.000736 0.000719 0.000703 0.000702 0.000658 0.000618 0.000588 0.000559 0.000564 0.000569 0.000642 0.000714 0.000766 0.000813 0.000779 0.000736 0.000671 0.000605 0.000512 0.000413 0.000376 0.000341 0.00033 0.000318 0.00026 0.000201 0.000194 0.000193 0.00027 0.000346 0.000424 0.000489 0.000444 0.000394 0.000351 0.000309 0.000374 0.00044 0.000426 0.000417 0.000407 0.000392 0.000454 0.000513
-9999 -9999 -9999 -9999 -9999 -9999 -9999 -9999 -9999 -9999 0.000693 0.000699 0.000734 -9999 0.00075 0.00076 0.000772 0.000774 0.000781 0.000768 0.000751 0.000727 0.000707 0.000678 0.000659 0.00069 0.000602 0.00055 0.000546 0.00056 0.000543 0.00054 0.00061 0.00069 0.000744 0.00094 0.000764 0.00074 0.000661 0.00066 0.000531 0.00044 0.000413 0.00037 0.000333 0.00028 0.000222 9e-005 0.000196 0.00027 0.000334 0.0005 0.000455 0.00051 0.000445 0.00043 0.000348 0.00021 0.000356 0.00049 0.000392 0.0003 0.000377 0.00033 0.000454 0.00052
-9999 -9999 -9999 -9999 -9999 -9999 -9999 -9999 -9999 -9999 0.00069 0.000738 0.000742 0.000748 0.00077 0.000774 0.000763 0.000774 0.000748 0.000742 0.000726 0.000705 0.000666 0.000627 0.000606 0.000582 0.000531 0.000483 0.000485 0.000487 0.000483 0.000493 0.000543 0.000596 0.000655 0.000705 0.000672 0.000633 0.000596 0.000559 0.000517 0.00047 0.00042 0.000382 0.000347 0.000319 0.000244 0.000156 0.000182 0.000213 0.000321 0.000446 0.000466 0.000478 0.000433 0.000382 0.000335 0.000295 0.00033 0.000364 0.000354 0.00035 0.000404 0.00046 0.000508 0.000549
-9999 -9999 -9999 -9999 -9999 -9999 -9999 -9999 0.000693 0.0007 0.000735 0.000738 0.000742 -9999 0.000757 0.000766 0.000768 0.000766 0.000764 0.000733 0.000719 0.000699 0.000647 0.00061 0.000573 0.00049 0.000461 0.00031 0.000424 0.00044 0.000437 0.00042 0.000478 0.00049 0.000558 0.00057 0.000575 0.0005 0.000531 0.00048 0.000498 0.00053 0.000437 0.00038 0.000369 0.00041 0.000255 5e-005 0.00017 5e-005 0.000325 0.00052 0.000472 0.00048 0.000416 0.00032 0.000328 0.00026 0.000304 0.00031 0.000322 0.0003 0.000432 0.00061 0.000556 0.0006
-9999 -9999 -9999 -9999 -9999 -9999 -9999 0.000696 0.000737 0.000745 0.000748 0.000756 0.000772 -9999 0.000767 0.000765 0.000763 -9999 0.000746 -9999 0.000752 0.000743 0.000681 0.000634 0.00058 0.000531 0.000494 0.000452 0.000411 0.000384 0.000385 0.000387 0.000429 0.000469 0.00053 0.000591 0.00055 0.000509 0.000499 0.000486 0.000478 0.000465 0.000396 0.000327 0.00034 0.000361 0.00031 0.000265 0.000271 0.000264 0.000371 0.00048 0.000475 0.000472 0.000424 0.000368 0.000344 0.000326 0.000312 0.000297 0.000298 0.000292 0.000416 0.000546 0.000556 0.000563
-9999 -9999 -9999 -9999 -9999 -9999 -9999 0.000745 0.000747 0.000754 -9999 0.000775 -9999 -9999 -9999 -9999 -9999 -9999 -9999 0.000761 0.000765 0.00082 0.00071 0.00067 0.000599 0.00057 0.00052 0.0006 0.000412 0.00029 0.000335 0.00029 0.000379 0.00036 0.000505 0.00072 0.000528 0.00044 0.000464 0.00048 0.000454 0.00051 0.000352 0.00019 0.000316 0.00046 0.000372 0.00043 0.000357 0.00032 0.000419 0.00059 0.000482 0.00051 0.000424 0.00039 0.000366 0.00039 0.00032 0.0003 0.000265 0.00011 0.000404 0.0007 0.000554 0.00052
-9999 -9999 -9999 -9999 -9999 -9999 -9999 0.000748 0.000767 0.000779 -9999 -9999 -9999 -9999 -9999 -9999 -9999 -9999 0.000761 0.000761 0.000759 0.000756 0.000701 0.000658 0.000598 0.000539 0.000471 0.000412 0.000367 0.000323 0.00036 0.000401 0.000421 0.000443 0.000483 0.00052 0.000471 0.000429 0.000434 0.000438 0.000411 0.000385 0.000295 0.00021 0.000249 0.000286 0.000356 0.00042 0.000402 0.000392 0.000407 0.00042 0.000426 0.000422 0.000384 0.000351 0.000349 0.000347 0.000324 0.000301 0.000284 0.000269 0.000387 0.000506 0.000504 0.000503
-9999 -9999 -9999 -9999 -9999 -9999 -9999 -9999 -9999 0.000774 -9999 -9999 -9999 -9999 -9999 -9999 -9999 0.000776 0.000771 0.00076 0.000763 0.00077 0.000704 0.00065 0.000593 0.00053 0.000431 0.00021 0.000323 0.00022 0.00039 0.00051 0.000467 0.00044 0.000461 0.00042 0.000422 0.00033 0.000402 0.00042 0.000371 0.00034 0.000242 6e-005 0.000177 8e-005 0.000335 0.00055 0.000453 0.00046 0.000391 0.0003 0.000361 0.0004 0.000348 0.00027 0.000332 0.00032 0.00033 0.00029 0.000305 0.00021 0.000372 0.00047 0.000457 0.00045
-9999 -9999 -9999 -9999 -9999 -9999 -9999 -9999 -9999 0.000781 0.000776 -9999 -9999 -9999 -9999 -9999 0.00078 0.000782 0.000789 0.000791 0.000776 0.000763 0.000707 0.000651 0.000589 0.000535 0.000477 0.000413 0.000414 0.000417 0.000457 0.000504 0.00052 0.000545 0.000506 0.000464 0.000433 0.000391 0.00039 0.000403 0.00035 0.000301 0.000237 0.000174 0.000207 0.000242 0.000361 0.000477 0.000434 0.000396 0.000353 0.000309 0.000311 0.000309 0.000307 0.00031 0.000354 0.0004 0.000392 0.000375 0.000361 0.000356 0.000398 0.000443 0.000445 0.000444
-9999 -9999 -9999 -9999 -9999 -9999 -9999 -9999 -9999 0.000753 0.000754 -9999 -9999 -9999 -9999 0.000775 0.000781 0.000792 0.000811 0.00085 0.000796 0.00081 0.000711 0.00063 0.000594 0.00051 0.000519 0.00049 0.000508 0.00054 0.000531 0.00053 0.000583 0.00071 0.00055 0.00048 0.000433 0.00038 0.000392 0.00046 0.000335 0.00026 0.000234 0.00015 0.000237 0.00026 0.000387 0.00061 0.000422 0.00032 0.000313 0.00027 0.000258 0.00023 0.00027 0.00028 0.000378 0.00055 0.000446 0.00047 0.000425 0.00044 0.000427 0.00047 0.000431 0.00042
-9999 -9999 -9999 -9999 -9999 -9999 -9999 -9999 -9999 0.000748 -9999 -9999 -9999 0.000756 -9999 0.000763 0.000775 0.000787 0.000802 0.000811 0.000785 0.000757 0.000701 0.00065 0.000638 0.000623 0.000601 0.000579 0.000577 0.000579 0.000593 0.000598 0.000595 0.000591 0.00054 0.000485 0.000433 0.000377 0.00035 0.000327 0.00031 0.000284 0.00027 0.000257 0.000273 0.000299 0.000377 0.000457 0.000404 0.000344 0.000289 0.000233 0.000224 0.000224 0.000254 0.000284 0.000365 0.000445 0.00045 0.000455 0.00043 0.000408 0.000419 0.000432 0.000434 0.000429
-9999 -9999 -9999 -9999 -9999 -9999 -9999 -9999 -9999 -9999 -9999 -9999 -9999 -9999 -9999 0.000747 0.000752 0.000764 0.000794 0.00084 0.000775 0.00075 0.000694 0.0006 0.000672 0.00077 0.000682 0.00067 0.000648 0.00065 0.000644 0.00072 0.000604 0.00057 0.000525 0.00053 0.000427 0.00036 0.00031 0.0002 0.000275 0.0003 0.000306 0.00037 0.000315 0.00027 0.000369 0.00047 0.000382 0.00031 0.000264 0.00011 0.0002 0.00017 0.000238 0.0002 0.000352 0.00044 0.000454 0.00049 0.000437 0.00034 0.000413 0.00041 0.00043 0.00041
-9999 -9999 -9999 -9999 -9999 -9999 -9999 -9999 -9999 -9999 -9999 -9999 -9999 -9999 0.000739 0.000738 0.000732 0.000734 0.000763 0.000779 0.000756 0.000731 0.000699 0.000672 0.000704 0.000725 0.000712 0.000694 0.000678 0.000661 0.000622 0.000587 0.000541 0.000495 0.00048 0.000463 0.000398 0.000335 0.000303 0.00027 0.000284 0.000292 0.000292 0.000301 0.000309 0.000328 0.000371 0.000406 0.000398 0.000388 0.000326 0.000269 0.00026 0.000252 0.000295 0.000345 0.000395 0.000446 0.000462 0.00048 0.000454 0.000432 0.000446 0.000459 0.000467 0.000468
-9999 -9999 -9999 -9999 -9999 -9999 -9999 -9999 -9999 -9999 -9999 -9999 -9999 -9999 -9999 0.00073 0.000723 0.00071 0.000741 0.00078 0.000734 0.000697 0.000689 0.00068 0.000722 0.00074 0.000738 0.00072 0.000706 0.00073 0.000603 0.0005 0.000475 0.00037 0.000433 0.00045 0.000373 0.00023 0.000295 0.00026 0.000289 0.0003 0.000287 0.00026 0.000313 0.00036 0.000367 0.00037 0.000416 0.00048 0.000395 0.00032 0.000323 0.00023 0.00036 0.00045 0.00044 0.00046 0.000473 0.00051 0.000475 0.00046 0.000478 0.00051 0.000497 0.00053
-9999 -9999 -9999 -9999 -9999 -9999 -9999 -9999 -9999 -9999 -9999 -9999 -9999 -9999 -9999 0.000725 0.000723 0.000723 0.000724 0.000724 0.00066 0.000606 0.000664 0.000711 0.00075 0.000791 0.000772 0.000749 0.000686 0.000629 0.000567 0.000498 0.000443 0.000386 0.000418 0.000453 0.000407 0.00036 0.000335 0.000314 0.000306 0.000303 0.000284 0.000266 0.000305 0.000345 0.000382 0.000416 0.000455 0.000482 0.000456 0.000431 0.00041 0.000393 0.000426 0.00046 0.000468 0.000471 0.000484 0.000484 0.000483 0.000481 0.000496 0.000508 0.000508 0.000509
-9999 -9999 -9999 -9999 -9999 -9999 -9999 -9999 -9999 -9999 -9999 -9999 -9999 -9999 0.000716 0.000717 0.000722 0.00073 0.000713 0.000671 0.000591 0.00046 0.000637 0.00076 0.000777 0.00094 0.000803 0.00084 0.000671 0.00053 0.000525 0.00049 0.000408 0.00025 0.000406 0.00058 0.000441 0.00045 0.000376 0.00037 0.000328 0.00034 0.000282 0.00018 0.000298 0.00032 0.000395 0.00043 0.000483 0.00058 0.000516 0.00061 0.000495 0.00058 0.000489 0.00058 0.00049 0.00049 0.000482 0.00048 0.000489 0.00049 0.000511 0.00054 0.00052 0.00057
-9999 -9999 -9999 -9999 -9999 -9999 -9999 -9999 -9999 -9999 -9999 0.000694 0.000695 -9999 0.000699 0.000702 0.000703 0.000708 0.000682 0.00064 0.000604 0.000582 0.000633 0.000684 0.000724 0.000769 0.000722 0.000676 0.00062 0.000559 0.000517 0.00047 0.000399 0.000335 0.000389 0.000441 0.000412 0.00038 0.000359 0.000341 0.00032 0.000303 0.000301 0.000304 0.000364 0.000417 0.00045 0.000483 0.0005 0.000513 0.000474 0.000425 0.000393 0.000367 0.000395 0.000428 0.000444 0.00045 0.000466 0.000476 0.000479 0.000486 0.000507 0.000519 0.000487 0.000456
-9999 -9999 -9999 -9999 -9999 -9999 -9999 -9999 -9999 -9999 0.000688 0.000688 -9999 -9999 -9999 0.000681 0.000682 0.000667 0.000647 0.000617 0.000597 0.00058 0.000612 0.00062 0.000671 0.00074 0.000642 0.00055 0.000562 0.00057 0.000504 0.00052 0.000395 0.00024 0.00037 0.00044 0.000381 0.00027 0.000343 0.00034 0.000316 0.00025 0.000324 0.00033 0.000424 0.00053 0.000507 0.00053 0.000515 0.00053 0.000423 0.00026 0.000294 0.00014 0.000303 0.00035 0.000387 0.00042 0.000443 0.00052 0.00047 0.00048 0.000494 0.00058 0.000456 0.00036
-9999 -9999 -9999 -9999 -9999 -9999 -9999 -9999 -9999 -9999 0.000674 0.000674 -9999 -9999 -9999 0.000652 0.000648 0.00064 0.000623 0.000613 0.00061 0.000613 0.000606 0.000606 0.00061 0.000607 0.000562 0.000512 0.000494 0.000475 0.000457 0.00044 0.000376 0.000318 0.000371 0.000431 0.000404 0.000368 0.000358 0.000348 0.000325 0.000304 0.000366 0.00043 0.000487 0.000545 0.000541 0.000535 0.00052 0.000507 0.000424 0.000335 0.000274 0.000219 0.000254 0.000293 0.000338 0.000379 0.000371 0.000372 0.000394 0.000421 0.000454 0.000489 0.000432 0.000362
-9999 -9999 -9999 -9999 -9999 -9999 -9999 -9999 -9999 0.00065 0.00065 0.000644 0.000644 -9999 -9999 0.000603 0.000598 0.00059 0.000582 0.000576 0.00061 0.00069 0.00059 0.0006 0.000544 0.00052 0.000479 0.00041 0.000424 0.00035 0.000413 0.00046 0.000361 0.00023 0.000378 0.00057 0.00042 0.00039 0.000373 0.0004 0.000335 0.00026 0.000407 0.00056 0.000552 0.00066 0.000573 0.00053 0.000529 0.00055 0.000422 0.00033 0.00026 0.00014 0.00021 0.00021 0.000288 0.0004 0.000308 0.00022 0.000321 0.00034 0.000418 0.0005 0.000397 0.00019
