inst/extdata/EV_continuous/pca1.asc
ncols         158
nrows         201
xllcorner     249000
yllcorner     6531500
cellsize      500
NODATA_value  -9999
[rows 29 to 57 of 201, columns 66 to 131 of 158]
0.000415 0.00026 0.00035 0.00028 0.000425 0.0004 0.000656 0.00091 0.000844 0.00088 0.000843 0.00089 0.000705 0.00049 0.000655 0.00078 0.00073 0.00072 0.000751 0.00074 0.000745 0.00075 0.00067 0.00058 0.000599 0.00051 0.000713 0.00087 0.000916 0.0011 0.000921 0.00089 0.000752 0.00061 0.000671 0.00077 0.00061 0.00044 0.000565 0.00061 -9999 -9999 -9999 -9999 -9999 -9999 -9999 -9999 -9999 -9999 -9999 0.00065 0.000543 0.00041 0.000576 0.00074 0.000597 0.00057 0.000511 0.00047 0.00055 0.00062 0.000695 0.00082 0.000734 0.0007
0.000466 0.000422 0.000439 0.000459 0.000512 0.000575 0.000725 0.000873 0.0009 0.000925 0.000887 0.000846 0.000731 0.000607 0.000643 0.000689 0.000712 0.000747 0.00075 0.000746 0.000734 0.000721 0.000651 0.000591 0.000577 0.000573 0.000655 0.000739 0.000827 0.000914 0.000841 0.000761 0.000681 0.000605 0.000594 0.000598 0.000554 0.000507 0.000514 0.000521 0.000528 -9999 -9999 -9999 -9999 -9999 0.000526 0.000488 0.000526 -9999 0.000544 0.00053 0.000544 0.000569 0.000604 0.000627 0.00055 0.000469 0.000443 0.000434 0.000529 0.000622 0.00068 0.000729 0.000716 0.000699
0.000513 0.00048 0.000531 0.00062 0.000607 0.00063 0.000791 0.00102 0.000956 0.001 0.000931 0.00091 0.000748 0.00048 0.000639 0.00063 0.000708 0.00077 0.000745 0.0007 0.000725 0.00072 0.000644 0.0005 0.000565 0.0005 0.000599 0.00054 0.000742 0.00088 0.000759 0.0006 0.000613 0.0005 0.000532 0.00049 0.000497 0.00045 0.000464 0.00039 0.00046 -9999 -9999 -9999 -9999 0.00062 0.000525 0.00047 0.000531 0.0006 0.000515 0.00036 0.000554 0.0007 0.000622 0.00064 0.0005 0.00031 0.000387 0.00029 0.000504 0.00069 0.000663 0.0007 0.000704 0.00078
0.000607 0.000588 0.000577 0.000576 0.000634 0.000694 0.000811 0.000919 0.00096 0.000996 0.000968 0.000937 0.000834 0.000727 0.000707 0.000691 0.000734 0.000782 0.000779 0.000771 0.000764 0.000749 0.000684 0.000622 0.0006 0.000591 0.000627 0.000667 0.000748 0.000822 0.000771 0.000709 0.00061 0.000517 0.000507 0.000504 0.0005 0.000503 0.000477 0.000454 0.00047 0.000483 -9999 -9999 -9999 -9999 0.000498 0.000514 0.000549 0.000602 0.000565 0.00051 0.000583 0.000657 0.000618 0.000597 0.000499 0.000395 0.000382 0.000372 0.00049 0.000615 0.000624 0.000622 0.000651 0.000689
0.000698 0.00073 0.000629 0.00053 0.000659 0.00072 0.000821 0.00093 0.000959 0.00105 0.001004 0.00107 0.000916 0.00085 0.000777 0.00067 0.000766 0.00085 0.00081 0.00081 0.000796 0.00086 0.000725 0.00072 0.000645 0.00067 0.000657 0.00071 0.00075 0.00086 0.000778 0.00081 0.000613 0.00039 0.000488 0.00052 0.000511 0.00057 0.000493 0.00044 0.000478 0.00054 -9999 -9999 -9999 -9999 0.000476 0.00047 0.000587 0.0007 0.000599 0.00042 0.000613 0.00074 0.000635 0.00062 0.000493 0.00036 0.000377 0.00027 0.000484 0.00071 0.000582 0.0005 0.000572 0.00062
0.000685 0.000655 0.000631 0.000601 0.00068 0.000757 0.000819 0.000881 0.000923 0.000957 0.000983 0.001 0.000956 0.00091 0.000837 0.000769 0.000806 0.000839 0.000845 0.000846 0.000798 0.000743 0.000674 0.000605 0.000586 0.000572 0.000622 0.000674 0.000735 0.000792 0.00079 0.000774 0.000633 0.000492 0.000482 0.000476 0.000489 0.000505 0.000505 0.000508 0.000491 -9999 -9999 -9999 -9999 -9999 0.000536 0.000571 0.000642 0.000713 0.000702 0.000692 0.000682 0.000673 0.00063 0.000576 0.000502 0.000426 0.000399 0.00038 0.000463 0.000553 0.000534 0.000517 0.000542 0.000576
0.000676 0.00061 0.000624 0.00056 0.000697 0.00084 0.000818 0.00087 0.000879 0.00088 0.000954 0.00102 0.000995 0.00104 0.0009 0.00074 0.00084 0.00088 0.000876 0.00093 0.000794 0.00067 0.000622 0.00047 0.000529 0.00045 0.000586 0.00066 0.000715 0.00078 0.000791 0.00092 0.000651 0.00042 0.000476 0.00046 0.00047 0.00046 0.00052 -9999 -9999 -9999 -9999 -9999 -9999 -9999 0.000594 0.00061 0.000697 0.00085 0.000806 0.00095 0.000751 0.00065 0.000615 0.00055 0.000509 0.00047 0.000425 0.00038 0.000445 0.00057 0.000496 0.00046 0.000487 0.000525
0.00065 0.000632 0.000639 0.000646 0.000704 0.000769 0.000789 0.000808 0.000841 0.000875 0.000938 0.000996 0.00101 0.001019 0.000937 0.000858 0.000878 0.000901 0.000892 0.000885 0.000801 0.000713 0.000621 0.000532 0.00052 0.000513 0.000565 0.000627 0.000682 0.000734 0.000771 0.000792 0.00063 0.000476 0.00045 0.000434 0.000459 0.00048 0.000529 -9999 -9999 -9999 -9999 -9999 0.000573 0.000575 0.000604 0.000633 0.000701 0.000757 0.000782 0.000821 0.000759 0.000688 0.000653 0.000591 0.000517 0.000455 0.000404 0.000363 0.000381 0.000405 0.000422 0.000447 0.00046 -9999
0.000619 0.0006 0.000653 0.00065 0.000719 0.00075 0.000761 0.0007 0.000804 0.00081 0.000917 0.001 0.001023 0.00114 0.000976 0.00086 0.000915 0.00099 0.00091 0.00091 0.000805 0.00073 0.000623 0.00047 0.000515 0.00049 0.000554 0.0006 0.000646 0.00066 0.000739 0.00094 0.000616 0.00037 0.00043 0.00042 0.000443 0.00044 0.000536 -9999 -9999 -9999 -9999 -9999 0.000592 0.00055 0.00061 0.00067 0.00069 0.00077 0.00077 0.00085 0.000758 0.00067 0.000665 0.00063 0.000537 0.00044 0.000391 0.00028 0.00032 0.00025 0.000331 0.000385 0.000427 -9999
0.000625 0.000662 0.000688 0.000726 0.000763 0.000803 0.000808 0.000804 0.000825 0.000846 0.000913 0.0009869999 0.00101 0.001027 0.000967 0.000899 0.000889 0.000888 0.000894 0.000894 0.000825 0.000747 0.000651 0.000554 0.000539 0.000534 0.000551 0.000579 0.000646 0.000702 0.000704 0.000701 0.000556 0.000412 0.000397 0.000391 0.000438 0.000491 0.00056 -9999 -9999 -9999 -9999 0.000608 0.000594 0.000575 0.000582 0.000597 0.000623 0.000652 0.0007 0.000738 0.000772 0.000798 0.000705 0.000621 0.000535 0.000458 0.000407 0.000356 0.000322 0.000276 0.000308 0.000359 -9999 -9999
0.000625 0.00072 0.000735 0.00079 0.000812 0.00088 0.000849 0.00085 0.000846 0.00081 0.000915 0.00103 0.000993 0.00103 0.000949 0.00089 0.000868 0.00081 0.000872 0.00097 0.000838 0.00078 0.000677 0.00055 0.000571 0.00057 0.000559 0.00049 0.000637 0.00074 0.000669 0.00062 0.000499 0.00026 0.000371 0.00033 0.000438 0.00051 -9999 -9999 -9999 -9999 -9999 0.00061 0.00059 0.00057 0.000561 0.00051 0.000559 0.00049 0.00062 0.00059 0.00078 0.00109 0.000754 0.00062 0.00054 0.00045 0.000424 0.00039 0.000329 0.00016 0.000281 -9999 -9999 -9999
0.000642 0.000698 0.000734 0.000774 0.000826 0.000872 0.000883 0.000891 0.000874 0.000855 0.000895 0.000931 0.000954 0.000971 0.000922 0.00087 0.000818 0.00076 0.000814 0.000865 0.00081 0.000758 0.000693 0.000627 0.000588 0.000552 0.000592 0.000625 0.000683 0.000743 0.00068 0.000613 0.000516 0.00042 0.000393 0.000377 0.000447 0.000518 0.000575 -9999 -9999 0.00061 0.00061 0.000604 0.000572 0.000537 0.000531 0.000541 0.000569 0.000607 0.000671 0.000708 0.000771 0.000829 0.000681 0.000552 0.000519 0.000481 0.000465 0.000454 0.000401 0.000342 0.000352 -9999 -9999 -9999
0.000655 0.00072 0.000735 0.00078 0.000832 0.00095 0.000914 0.001 0.000898 0.00085 0.00087 0.00085 0.00091 0.00099 0.000893 0.00087 0.000759 0.00059 0.000752 0.00096 0.000785 0.00078 0.000706 0.00071 0.000607 0.00045 0.000618 0.0007 0.000733 0.00087 0.00069 0.00062 0.000535 0.0005 0.000424 0.00033 0.000455 0.00054 0.000573 0.00065 0.000612 0.00061 0.000605 0.00066 0.00055 0.00049 0.000515 0.00057 0.00059 0.00066 0.000697 0.0007 0.000762 0.00082 0.000628 0.00034 0.00049 0.0005 0.000513 0.00058 0.000479 0.0004 0.00042 -9999 -9999 -9999
0.000621 0.000649 0.000686 0.000712 0.000782 0.000842 0.000853 0.000867 0.00086 0.000855 0.000852 0.000839 0.000864 0.000884 0.000839 0.000799 0.000717 0.000638 0.000655 0.000668 0.000669 0.000662 0.000641 0.000632 0.000622 0.000621 0.000686 0.000739 0.000751 0.000756 0.000662 0.000562 0.000503 0.00045 0.000431 0.000416 0.000479 0.000542 0.000571 0.000594 0.00058 0.000557 0.000558 0.000568 0.0005 0.00043 0.000442 0.000449 0.000561 0.000677 0.000773 0.000878 0.00082 0.00075 0.000634 0.000505 0.000507 0.000519 0.000541 0.000564 0.000527 0.000495 0.000485 -9999 -9999 -9999
0.000591 0.00059 0.000625 0.00061 0.000721 0.00084 0.000794 0.00079 0.000822 0.0009 0.000823 0.00078 0.000812 0.00086 0.000792 0.00078 0.000677 0.00053 0.000554 0.00038 0.000547 0.00056 0.000587 0.0006 0.000644 0.00074 0.000741 0.00083 0.000764 0.00078 0.000628 0.00047 0.000475 0.00041 0.00044 0.00042 0.000501 0.00058 0.000565 0.00059 0.000539 0.00046 0.000521 0.00061 0.000448 0.00028 0.000362 0.00024 0.000534 0.00074 0.000858 0.00124 0.00087 0.00071 0.000627 0.00048 0.000532 0.00054 0.000572 0.00065 0.000574 0.00055 -9999 -9999 -9999 -9999
0.000518 0.00054 0.000584 0.000626 0.000661 0.000695 0.000696 0.000695 0.000741 0.000787 0.000765 0.000749 0.000751 0.000752 0.000739 0.000719 0.000665 0.000622 0.000585 0.000554 0.000561 0.000562 0.000541 0.000525 0.000598 0.000682 0.000755 0.000832 0.000774 0.000708 0.000598 0.000493 0.000471 0.000454 0.000481 0.00051 0.000532 0.000564 0.000578 0.000588 0.000527 0.00047 0.000464 0.000464 0.000415 0.000376 0.000381 0.00039 0.000538 0.000678 0.000806 0.000947 0.000856 0.000754 0.000658 0.000552 0.000537 0.000537 0.000577 0.000614 0.000595 0.000578 0.000566 -9999 -9999 -9999
0.000447 0.00045 0.000542 0.00063 0.000602 0.00059 0.000596 0.00052 0.00066 0.00079 0.000713 0.00068 0.000688 0.00065 0.000681 0.00067 0.000666 0.00067 0.000623 0.00061 0.000573 0.00055 0.000501 0.0003 0.000562 0.00063 0.000775 0.00097 0.00078 0.00066 0.000573 0.00037 0.000472 0.00042 0.000526 0.00056 0.000574 0.00051 0.000591 0.00065 0.00052 0.00036 0.000414 0.00037 0.000393 0.00038 0.000404 0.00035 0.000534 0.0006 0.00077 0.00093 0.000835 0.00078 0.000677 0.00054 0.000554 0.00052 0.000579 0.00067 0.000609 0.0006 0.000588 -9999 -9999 -9999
0.000431 0.000455 0.0005 0.00056 0.000553 0.000555 0.000549 0.000538 0.000609 0.000674 0.000654 0.000641 0.000653 0.000671 0.000681 0.000687 0.000681 0.000679 0.000655 0.000634 0.000626 0.000622 0.000567 0.000513 0.000616 0.000716 0.000788 0.000869 0.000788 0.000703 0.00061 0.000511 0.000554 0.000602 0.000632 0.000666 0.000664 0.000664 0.000657 0.000649 0.000553 0.000456 0.000437 0.000413 0.000414 0.000418 0.000445 0.000492 0.000584 0.000682 0.000777 0.000859 0.000847 0.000824 0.000704 0.000589 0.000551 0.000519 0.000554 0.000587 0.000596 0.000608 0.000594 -9999 -9999 -9999
0.000411 0.00042 0.000473 0.00057 0.000515 0.00052 0.000498 0.00038 0.000555 0.00064 0.000604 0.00051 0.000624 0.00069 0.000678 0.00069 0.000702 0.00071 0.00069 0.0006 0.000685 0.00076 0.000634 0.00049 0.000665 0.00084 0.000813 0.00095 0.000795 0.00075 0.000639 0.00046 0.000639 0.00083 0.000743 0.00082 0.000755 0.0008 0.000725 0.00075 0.000587 0.00039 0.000455 0.00042 0.000438 0.00044 0.000504 0.0006 0.000639 0.00075 0.000774 0.00084 0.000853 0.00096 0.000736 0.00053 0.000552 0.00046 0.000526 0.00055 0.000582 0.00067 0.000599 -9999 -9999 -9999
0.000446 0.000422 0.000436 0.000447 0.000457 0.000472 0.000498 0.000537 0.000592 0.000646 0.000619 0.000589 0.000629 0.000673 0.000689 0.0007 0.000726 0.000754 0.000765 0.000778 0.00077 0.000753 0.000697 0.000642 0.000682 0.000724 0.000757 0.000778 0.000755 0.000724 0.000663 0.000597 0.00066 0.000724 0.000743 0.000754 0.00075 0.00073 0.000729 0.000723 0.000645 0.00056 0.000514 0.000468 0.000462 0.000454 0.000507 0.000561 0.000639 0.000713 0.00076 0.000801 0.000845 0.000888 0.000772 0.000651 0.000591 0.000531 0.000522 0.000512 0.000533 0.00055 0.000543 -9999 -9999 -9999
0.000482 0.00034 0.000397 0.0003 0.000404 0.00041 0.000509 0.00065 0.00063 0.00076 0.000632 0.00052 0.000638 0.00069 0.000697 0.00067 0.000752 0.00083 0.000841 0.00098 0.000847 0.00084 0.00076 0.0007 0.000698 0.00067 0.000688 0.00068 0.000706 0.00082 0.000677 0.00065 0.000676 0.00079 0.000734 0.00079 0.000726 0.00069 0.000726 0.00086 0.000694 0.00072 0.000571 0.00052 0.000482 0.00043 0.000509 0.00051 0.000635 0.00076 0.000739 0.00074 0.000837 0.00105 0.000804 0.00066 0.000629 0.00055 0.000517 0.00043 0.000484 0.00048 0.000485 0.000483 -9999 -9999
0.000558 0.000512 0.000473 0.000427 0.00042 0.000405 0.000471 0.000543 0.000595 0.000655 0.00064 0.000624 0.000681 0.000734 0.000749 0.000755 0.000762 0.000768 0.000819 0.00087 0.000851 0.000826 0.000776 0.000725 0.000696 0.000672 0.000643 0.000602 0.000601 0.000594 0.000566 0.000555 0.00058 0.000608 0.000651 0.00068 0.00066 0.000637 0.000638 0.00063 0.000604 0.000579 0.000522 0.00047 0.000476 0.000476 0.000521 0.000568 0.000636 0.000704 0.000689 0.000668 0.000769 0.000867 0.00081 0.000752 0.000684 0.00062 0.00055 0.00048 0.000475 0.000457 0.000447 0.00044 -9999 -9999
0.000634 0.00068 0.000543 0.00049 0.000428 0.0003 0.000437 0.00047 0.000568 0.00069 0.000645 0.00062 0.00072 0.00085 0.000794 0.00085 0.000768 0.00068 0.000795 0.0009 0.000849 0.00088 0.000789 0.00074 0.000698 0.00069 0.000586 0.00045 0.000491 0.00043 0.000471 0.00044 0.000484 0.00042 0.000555 0.00064 0.000592 0.00056 0.00054 0.00047 0.000513 0.00054 0.000475 0.0004 0.000461 0.00052 0.000534 0.00059 0.000639 0.00079 0.000632 0.00038 0.000698 0.00091 0.000817 0.00081 0.000742 0.0007 0.000584 0.00043 0.000457 0.0004 0.000427 0.00043 -9999 -9999
0.000619 0.000626 0.000564 0.000512 0.000478 0.000439 0.000458 0.000476 0.000539 0.000605 0.000633 0.000657 0.000731 0.000802 0.000782 0.000769 0.000735 0.000706 0.000767 0.000819 0.000811 0.000795 0.000759 0.000728 0.00068 0.000642 0.000576 0.000512 0.000467 0.000424 0.000416 0.000411 0.00044 0.000476 0.000513 0.000552 0.000514 0.00048 0.000454 0.00043 0.000426 0.000419 0.000405 0.000392 0.000422 0.000452 0.000485 0.000524 0.000593 0.000668 0.000633 0.000594 0.000695 0.000785 0.000812 0.000835 0.00078 0.000727 0.00064 0.000555 0.000484 0.000418 0.000409 0.000402 -9999 -9999
0.000603 0.0007 0.000594 0.00052 0.000522 0.00051 0.000477 0.00038 0.000515 0.00057 0.000617 0.0006 0.000739 0.00091 0.000777 0.00074 0.000704 0.00062 0.00073 0.00081 0.000768 0.00071 0.000734 0.00072 0.000673 0.0006 0.00057 0.00048 0.000448 0.00031 0.000366 0.00029 0.000404 0.00049 0.000474 0.00055 0.000441 0.00037 0.00037 0.00035 0.000337 0.0003 0.000336 0.00032 0.000383 0.00043 0.00044 0.00041 0.000553 0.00073 0.00063 0.00057 0.000681 0.00074 0.000805 0.00093 0.000819 0.00081 0.000697 0.00068 0.000514 0.00036 0.000393 0.00035 -9999 -9999
0.000583 0.000609 0.000593 0.00057 0.000567 0.000573 0.000525 0.000483 0.000548 0.000606 0.000649 0.000684 0.000718 0.000757 0.000704 0.000653 0.000661 0.000663 0.000713 0.000766 0.000767 0.000765 0.000734 0.000703 0.000694 0.000684 0.000636 0.000585 0.00051 0.000441 0.000413 0.000388 0.000392 0.000401 0.000412 0.000424 0.00038 0.000336 0.000307 0.000286 0.000293 0.000302 0.000313 0.000329 0.000359 0.000397 0.000405 0.000415 0.000506 0.000585 0.0006 0.000616 0.000661 0.000714 0.000774 0.000824 0.000796 0.000758 0.000691 0.000617 0.000521 0.00043 0.000414 0.000391 0.000404 -9999
0.000565 0.00057 0.000586 0.00058 0.000621 0.00075 0.000578 0.00043 0.000573 0.00068 0.000673 0.00075 0.000702 0.00076 0.000633 0.00051 0.00061 0.00066 0.000698 0.00078 0.000765 0.00084 0.000734 0.00062 0.000715 0.00079 0.000701 0.0007 0.000578 0.00052 0.000463 0.00046 0.000385 0.00028 0.000353 0.00034 0.000322 0.00023 0.000253 0.00014 0.000253 0.00027 0.000296 0.00027 0.000346 0.0004 0.000372 0.00026 0.000447 0.00056 0.00057 0.00066 0.000645 0.00075 0.000732 0.00086 0.000763 0.00075 0.000678 0.0006 0.000533 0.00041 0.000426 0.00037 0.000412 -9999
0.000578 0.000602 0.000601 0.000593 0.000608 0.000633 0.000597 0.000558 0.000607 0.000652 0.000664 0.000679 0.000627 0.000579 0.000561 0.000538 0.000588 0.000642 0.000672 0.000702 0.000734 0.000768 0.000744 0.000721 0.00076 0.000786 0.000736 0.000685 0.000589 0.000495 0.00045 0.000419 0.000403 0.000388 0.000393 0.000382 0.000344 0.000313 0.000288 0.000274 0.000296 0.000316 0.000318 0.000323 0.000354 0.000397 0.000394 0.000395 0.000462 0.000514 0.000508 0.000505 0.000506 0.000523 0.000602 0.000676 0.000702 0.000722 0.000684 0.000645 0.00057 0.000494 0.000477 0.000453 0.000452 -9999
0.000587 0.00067 0.000609 0.00056 0.000605 0.00065 0.000612 0.00058 0.000634 0.00069 0.000659 0.00069 0.000557 0.00034 0.000483 0.00044 0.000571 0.00063 0.000647 0.00059 0.000707 0.00078 0.000754 0.00073 0.000791 0.0009 0.00077 0.00076 0.000598 0.00045 0.000449 0.00038 0.000423 0.00042 0.000421 0.0004 0.000376 0.00034 0.000334 0.00033 0.000338 0.00038 0.000343 0.00032 0.000374 0.00047 0.00042 0.00039 0.000464 0.00053 0.000451 0.00033 0.000381 0.00021 0.000468 0.00054 0.000637 0.00072 0.000691 0.00073 0.000607 0.00051 0.000511 0.0005 0.000497 -9999
