inst/extdata/EV_continuous/pr_bygall.asc
ncols         158
nrows         201
xllcorner     249000
yllcorner     6531500
cellsize      500
NODATA_value  -9999
[rows 99 to 131 of 201, columns 0 to 73 of 158]
-9999 -9999 -9999 -9999 -9999 -9999 -9999 -9999 0 0 0.0390625 0.01526316 0 -9999 0 0.03879686 0.02192448 0.01307189 0 0 0 0.01210121 0.01926298 0.02163461 0.0024 0 0 0.000400802 0.001202405 0 0.00120048 0.0016 0.004401761 0.0100211 0 0 0.01961916 0 0 0 0 0.001601281 0.00973236 0.001681614 0.01842949 0.01200961 0.00680817 0.003602882 0.0108 0 0 0.008003201 0.006 0 0 0 0.000524384 0.01109139 0 0.004297994 0.003201281 0.0008 0.009001637 0.003602676 0.01195499 0.0016 0 0 0 0.004040404 0.01324238 0.000400481 0 0
-9999 -9999 -9999 -9999 -9999 -9999 -9999 0 0 0 0 0 0 -9999 0 0.02492212 0.01814516 -9999 0 -9999 0.06862745 0.04360711 0.01246482 0.001601922 0 0.001203852 0 0.000401284 0 0 0 0.0104 0.003613007 0.007526882 0 0 0.006009615 0.01163724 0 0.002808989 0.000401284 0 0.00680817 0.007724302 0.01028807 0.005216693 0.01042502 0.004001601 0.0164 0.0052 0 0 0.07425541 0 0 0 0 0 0.007490637 0.001460565 0.0096 0.04111246 0 0 0.01851852 0.05539944 0 0 0 0 0 0.001201923 0.006407689 0.008870968
-9999 -9999 -9999 -9999 -9999 -9999 -9999 0 0 0 -9999 0 -9999 -9999 -9999 -9999 -9999 -9999 -9999 0.0779661 0.09911362 0.03419147 0.002009646 0.002806736 0 0.002008839 0.001201923 0 0 0 0.003613007 0.006838294 0 0.009626955 0.01107325 0.001608363 0 0.001609658 0 0.01533495 0.009626955 0.00969697 0.006092608 0.0184438 0.000560224 0 0.002635046 0.01797991 0.006816359 0.002 0 0.01323176 0.001733102 0 0 0 0 0 0.002752294 0 0.028 0.01576395 0 0.03759399 0.04215175 0.0532 0 0.0004 0 0.004419446 0.003602882 0.01082164 0.002005616 0.000407332
-9999 -9999 -9999 -9999 -9999 -9999 -9999 0 0 0 -9999 -9999 -9999 -9999 -9999 -9999 -9999 -9999 0.08682635 0.1377778 0.1028641 0.01129032 0.01361634 0.001207729 0 0 0 0 0 0 0 0 0 0.003207698 0.01091978 0.01738076 0 0.00080032 0 0 0.01521826 0.008838891 0.002816901 0.0400818 0.0075 0 0.01052632 0.001793722 0 0 0.000400481 0.00641797 0.004809619 0.004008016 0 0.000423729 0 0 0.06847883 0.01 0.1052 0.01791809 0.01492537 0 0.05329289 0.01963928 0 0 0.01524268 0.004020909 0.001602564 0.002401922 0.01082598 0.006950123
-9999 -9999 -9999 -9999 -9999 -9999 -9999 -9999 -9999 0 -9999 -9999 -9999 -9999 -9999 -9999 -9999 0.06185567 0.09776055 0.06347931 0.01292407 0.004012841 0.008041817 0.002019386 0 0.00240481 0.00040032 0 0 0 0 0 0 0.009236948 0.01043339 0.005029338 0.00482509 0 0 0 0.005229284 0.002804487 0 0 0.006147541 0.008290155 0 0.002816901 0.0036 0.00080032 0.01001603 0.1284 0.05124099 0.01440576 0.002824859 0.008517888 0 0.122093 0.09395695 0.06674857 0.07603041 0.02357677 0 0.04275788 0.004784689 0.000913659 0 0 0.004 0.006921824 0 0.06 0.04046945 0.005702648
-9999 -9999 -9999 -9999 -9999 -9999 -9999 -9999 -9999 0 0 -9999 -9999 -9999 -9999 -9999 0 0.04862444 0.03985507 0.03364037 0.001604493 0 0.003212851 0.009207366 0 0.000400962 0.0028 0 0 0 0 0.006813627 0.001606426 0.0156 0.02724359 0.002526316 0 0 0 0 0.002814636 0 0 0.007627459 0.008012821 0.02168675 0.0972973 0.006493506 0.0024 0.00080032 0.0096 0.0604 0.05764612 0.08584035 0.02641056 0.1451356 0 0.1254037 0.1536 0.1013216 0.0765057 0 0 0.1357229 0.04373758 0.001595745 0 0.00080032 0.001541624 0.00684053 0.008058018 0.04338843 0.007926575 0.005867561
-9999 -9999 -9999 -9999 -9999 -9999 -9999 -9999 -9999 0 0 -9999 -9999 -9999 -9999 0.02739726 0.003115265 0.03747534 0.03263497 0.008028904 0.0124849 0.004817342 0.0008 0 0.0052 0.0012 0.00762134 0 0 0.002414487 0 0 0.003210273 0.001206273 0.002006421 0.005179111 0 0 0 0.003210273 0 0 0.000807754 0.000400641 0 0.007249295 0.04420922 0.04444445 0.002269632 0.01807229 0.001608363 0.004 0.03853874 0.1281538 0.0816 0.03554626 0.1011074 0.1644 0.1656 0.1382979 0.05572289 0.06878981 0.09777015 0.0988 0.00627451 0 0 0.001129944 0.004694836 0.001246106 0.01705622 0.05309734 0.008 0.005571031
-9999 -9999 -9999 -9999 -9999 -9999 -9999 -9999 -9999 0 -9999 -9999 -9999 0 -9999 0.04504504 0.03809524 0.01661918 0.01167472 0.01608364 0.02535211 0.04181745 0.000803536 0.002045827 0.01925391 0.007226014 0 0 0.000402901 0 0.0096 0 0.0008 0 0.002803364 0.005572225 0.0004 0 0.006810897 0.003208985 0 0 0 0 0 0.001207243 0.01001603 0 0.001974984 0.01643287 0.01806503 0.00240096 0.07211538 0.152 0.005602241 0.1236 0.2064 0.1744 0.2628 0.1695813 0.0674438 0.125 0.1158599 0.0884 0.02012491 0.001345895 0 0.002727273 0.002412545 0.01286174 0.01368209 0.006405124 0.002564103 0
-9999 -9999 -9999 -9999 -9999 -9999 -9999 -9999 -9999 -9999 -9999 -9999 -9999 -9999 -9999 0.03904071 0.03866432 0.04892205 0.0104 0.01208703 0.0644 0.02281825 0.01608364 0.009387755 0.002815768 0.005237712 0 0 0 0.00241838 0.002814636 0.006805444 0.006810897 0 0.005208333 0.008572653 0.000400802 0.005617978 0.004817342 0.001201442 0.004407051 0 0.005602241 0 0 0.002006421 0.0204 0.01026046 0.005415162 0.02014504 0.05531062 0.02646351 0.068 0.1592 0.03481393 0.1024 0.1472 0.068 0.232 0.2824 0.02764423 0.04607398 0.08040404 0.05718337 0.001533742 0.002440513 0.00541028 0.01043339 0.00244798 0.001609658 0.0036 0.000925497 0.006097561 0
-9999 -9999 -9999 -9999 -9999 -9999 -9999 -9999 -9999 -9999 -9999 -9999 -9999 -9999 0.005181347 0.03460515 0.0814978 0.06088751 0.0410628 0.05698234 0.06452906 0.007648953 0.006622517 0 0.002008839 0.03126252 0.002422285 0 0 0 0 0.006019262 0.005218788 0.004807692 0.01320528 0.02844828 0.000808407 0 0 0 0 0 0 0 0 0 0.006024096 0.01379599 0 0.09903382 0.1156 0.0608 0.062 0.1644 0.04845815 0.037751 0.2064 0.1392 0.1508603 0.2604 0.1248885 0.009929078 0.07942406 0.000912825 0 0 0.00294861 0.1608644 0.04565478 0.0084 0.003933137 0 0 0
-9999 -9999 -9999 -9999 -9999 -9999 -9999 -9999 -9999 -9999 -9999 -9999 -9999 -9999 -9999 0.01671733 0.001116071 0.04885845 0.01882259 0.00882825 0.07985554 0.01208703 0.01074345 0.02980266 0.0448 0.01534733 0.003382664 0.009218437 0.004417671 0.0064 0.006012024 0 0 0 0.01282051 0.008547009 0.001204336 0 0 0 0.00040016 0 0 0 0 0.001202405 0.01122694 0.03525641 0.06460835 0.1135634 0.048 0.1096 0.1368 0.1196 0.03446894 0.06260229 0.1461169 0.1696 0.0656 0.1376 0.1707094 0.07786667 0.003894418 0.003206413 0.002004812 0.000800961 0.0200642 0.08530236 0.0356 0 0.00317965 0 0 0
-9999 -9999 -9999 -9999 -9999 -9999 -9999 -9999 -9999 -9999 -9999 -9999 -9999 -9999 -9999 0.06110458 0.01585014 0.0295124 0.01480592 0.009229535 0.01480592 0.03254068 0.005219207 0.007655117 0.008821171 0.0280112 0.005604484 0.01297122 0.0105178 0.01001603 0.003608661 0 0.000400481 0.004008016 0.0256205 0.00465313 0 0 0 0.005208333 0.01443464 0.003206413 0 0 0.002426203 0.1002012 0.05508645 0.02964744 0.06208719 0.1067416 0.1322581 0.1432 0.1372 0.1004 0.1145498 0.163224 0.1474627 0.1349036 0.04830918 0.1874192 0.2118039 0.03398058 0.07828181 0.1336 0.07929515 0.09094551 0.09418838 0.01644605 0.0549273 0.000849979 0 0 0.009735744 0.00080032
-9999 -9999 -9999 -9999 -9999 -9999 -9999 -9999 -9999 -9999 -9999 -9999 -9999 -9999 0.02054795 0.06790123 0.04750124 0.04725671 0 0.003211562 0.01726765 0.01005025 0.000802246 0.00040016 0 0.004012841 0.009214744 0 0.0124149 0.008810573 0.003208985 0 0.008878128 0.006871463 0.004433696 0.008421053 0.0104 0 0.002006421 0.01405623 0.003205128 0 0 0 0.008821171 0.08393575 0.1572 0.05577849 0.04997827 0.03521554 0.1674857 0.1226567 0.05435418 0.05854801 0.01581843 0.01607963 0.08842939 0.004978663 0.001624256 0.07825656 0.03 0.02561024 0.09251101 0.128 0.1572 0.1416567 0.1163257 0.004401761 0.03155738 0.000501756 0 0 0 0
-9999 -9999 -9999 -9999 -9999 -9999 -9999 -9999 -9999 -9999 -9999 0 0.001508296 -9999 0 0.09379727 0.0976 0.03929431 0.000401123 0.006451613 0.01854839 0.005369682 0.001613554 0.01220008 0.01402244 0.01243482 0.002806736 0.003611557 0.01482372 0.009218437 0.01426824 0.004455245 0.006407689 0.002021019 0.01442886 0.007627119 0.01286174 0.002401922 0.02048193 0.002403846 0 0 0 0 0.005617978 0.1034483 0.03890894 0.08219727 0.0978348 0.000683527 0.009158558 0 0.009203681 0.03245192 0.01682018 0 0.0334588 0.04861111 0.02060675 0.05726872 0.0988 0.07285829 0.05882353 0.0896 0.1492 0.1348 0.1596 0.008403361 0.004545455 0.000645578 0 0.003338898 0 0
-9999 -9999 -9999 -9999 -9999 -9999 -9999 -9999 -9999 -9999 0 0 -9999 -9999 -9999 0.0255102 0.01363819 0.01364914 0.01280512 0.009627728 0.01836095 0 0.003219316 0.007258065 0.0108 0.007255139 0.007226014 0.0176282 0.005227181 0.00281917 0.00362757 0.02002403 0.001202887 0.002829426 0.003231018 0.001260504 0.0426903 0.07327935 0.06272618 0 0 0 0 0 0.06698757 0.148757 0.07490938 0.09058524 0.01452938 0.000405351 0.030012 0.002405774 0 0.01683367 0.008012821 0.000807754 0.006824568 0.06242497 0.05166199 0.000402414 0.0848 0.0636 0.0036 0.0104 0.05042017 0.1258517 0.1118685 0.006805444 0.003278689 0 0.001996008 0.000801925 0.000400481 0
-9999 -9999 -9999 -9999 -9999 -9999 -9999 -9999 -9999 -9999 0 0 -9999 -9999 -9999 0.0197664 0.02124248 0.001603206 0.000411353 0.00120919 0 0 0.002810116 0.00240481 0.006443818 0.003211562 0.0016 0.005218788 0.005237712 0.006009615 0.000800961 0.002027575 0.01283594 0.01607717 0.02881153 0 0.05237712 0.07142857 0.08273093 0.005725971 0 0.00056338 0 0.006816359 0.1507618 0.1644444 0.0240096 0.02952603 0.07584501 0.0243299 0.01123596 0.004811548 0.006012024 0.01120448 0.0168 0 0.03515152 0.0692 0.0052 0.004817342 0.01285141 0.02002403 0.0068 0.0132 0.0092 0.1232 0.1476 0.0164 0 0 0.001561687 0.008426966 0.01245981 0.004019293
-9999 -9999 -9999 -9999 -9999 -9999 -9999 -9999 -9999 0 0 0 0 -9999 -9999 0.00664599 0.0008 0.01284891 0.01396431 0 0 0 0.000403063 0 0.002007226 0.005617978 0.0016 0.002401922 0.01004016 0.002012072 0 0.000400481 0 0 0.02682146 0.005763689 0.07729468 0.07897934 0.01452199 0 0 0.017119 0.07686117 0.1371681 0.1645875 0.1332533 0.04540918 0.1023976 0.1336 0.01121346 0.004415897 0.01720688 0 0 0.003604325 0.0092 0.009281679 0.003605769 0.0120048 0.012 0.001601922 0 0.01682018 0.0068 0 0.0212 0.1156 0.0148 0.004314995 0 0 0.003215434 0.009630819 0.00562249
-9999 -9999 -9999 -9999 -9999 -9999 -9999 -9999 -9999 0 0.0004 0 -9999 -9999 0.004587156 0.00742115 0.02072193 0.01126761 0 0 0 0 0 0 0 0.00762134 0.002 0.002812374 0.004098361 0 0 0 0 0.006024096 0.004807692 0.001291433 0.1188755 0.03163017 0.009669621 0.008025682 0.001205788 0.04292018 0.1868747 0.07091346 0.1027924 0.09955861 0.0735768 0.1044418 0.1370741 0.01488335 0.008406725 0.001602564 0 0.001612253 0.004003203 0.0068 0.001212611 0.01121795 0.01201923 0.000800641 0.009244373 0 0.004813478 0.006407689 0 0 0.044 0.1292 0.03408179 0.00082203 0.00160064 0.001203369 0.001202405 0.004644682
-9999 -9999 -9999 -9999 -9999 -9999 -9999 -9999 -9999 0 0.00160064 0.003058104 -9999 -9999 0 0.002857143 0.008849558 -9999 0.01588983 0 0 0.00160901 0 0.000401445 0 0.002008839 0.000400802 0 0.01761409 0.002803364 0 0 0 0.002414487 0.05191147 0.1423423 0.1824 0.04395161 0.1085645 0.1446056 0.00041806 0.124 0.1359807 0.1621297 0.1563917 0.06920601 0.0624 0.0700841 0.02820306 0 0 0.000801603 0 0 0 0.003203845 0.01006441 0 0 0 0.0016 0.000800961 0.002803364 0.01563753 0 0 0.002803364 0.01723447 0.01361089 0.01722066 0.01521826 0 0.001201442 0
-9999 -9999 -9999 -9999 -9999 -9999 -9999 -9999 -9999 0 0.01549296 -9999 -9999 -9999 -9999 0 0.004761905 0 0.01150055 0.005709625 0.002501042 0.002008032 0.01763527 0.0164791 0.002 0.01766359 0 0.001203852 0.005210421 0.004037142 0 0 0 0.02810116 0.1033654 0.1724441 0.18 0.1222267 0.1568 0.03506311 0.01801441 0.1388555 0.1536 0.1836735 0.1765075 0.1706142 0.1068427 0.006810897 0.00400641 0.008413462 0.004 0.00762134 0 0 0 0.01002808 0.001618123 0.007237636 0 0 0.0132 0.008821171 0.007234727 0.01329573 0 0.000804182 0.004807692 0 0.01723447 0.006410256 0 0 0.003168855 0.08333334
-9999 -9999 -9999 -9999 -9999 -9999 -9999 -9999 -9999 -9999 0 0.001556017 0 -9999 -9999 0 0 0 0 0.0009298 0.009564293 0.05585216 0.006012024 0 0 0.000401123 0.002402883 0.001206758 0.000407997 0 0 0 0 0.06285254 0.1155698 0.1511936 0.1402806 0.1555466 0.1152 0.0972 0.12 0.1548619 0.164197 0.1306442 0.230266 0.1864 0.05132318 0.1608 0.03103587 0 0.01080432 0.000801282 0.008403361 0.001208216 0.001601922 0.01003613 0.005218788 0.000804182 0 0 0 0.01482966 0.008022463 0.01480592 0 0.005611222 0 0 0.002 0.001602564 0 0.0064 0.007425743 0
-9999 -9999 -9999 -9999 -9999 -9999 -9999 -9999 -9999 -9999 0 0 0 -9999 -9999 -9999 -9999 0 0 0.0004 0.008429119 0.06183369 0 0 0 0.004011231 0.002004008 0.009229535 0.004412355 0.002402883 0.0012 0 0.01965924 0.04629629 0.1164466 0.1216485 0.1566731 0.08273093 0.1166533 0.1692 0.1170555 0.01544715 0.02034665 0.0440552 0.05086245 0.03611557 0.02327448 0.07972756 0.004017678 0.003618818 0.03485577 0.003207698 0.01571947 0 0 0.001201442 0 0.003201281 0 0 0.01134522 0.001601922 0 0.004442649 0 0 0.001208703 0.01242983 0.002803364 0.003206413 0 0.00280112 0.000400962 0.002410607
-9999 -9999 -9999 -9999 -9999 -9999 -9999 -9999 -9999 -9999 -9999 -9999 -9999 -9999 -9999 0 -9999 0 0 0.001607071 0.01570997 0.03874814 0.006475111 0.006816359 0.006420546 0 0 0.007630522 0.01084773 0.007612179 0 0.002001601 0.06428284 0.06693387 0.1672 0.1780392 0.3745507 0.2750542 0.1796 0.1844 0.09687098 0.1942857 0.09848879 0.06159895 0.03529412 0.02134515 0.0524 0.0220088 0.0084 0.000401929 0.005604484 0.008814103 0.01733172 0.002805611 0.005231388 0.004009623 0.00040032 0.01520608 0 0 0 0.00522508 0.004403523 0.00040032 0.014 0.01201923 0.005271695 0.002814636 0.000803536 0 0 0.00400641 0.000805477 0
-9999 -9999 -9999 -9999 -9999 -9999 -9999 -9999 -9999 -9999 -9999 -9999 -9999 -9999 -9999 -9999 -9999 -9999 0.01850139 0.04530744 0.006816359 0.02230216 0.08502772 0.05869751 0.01921537 0 0 0.006852076 0.005611222 0 0 0.001203369 0.09915697 0.1117697 0.161341 0.04591105 0.1538119 0.1691964 0.3987941 0.1944 0.1948718 0.1826381 0.03521409 0.1195347 0.01127668 0.1632 0.1312 0.03688853 0 0 0.003601441 0.08995984 0.04574696 0.04139146 0.09535256 0.01560624 0.000800961 0.00882825 0.01160464 0.003605769 0 0 0 0 0.003202562 0.0016 0.00322841 0.005633803 0 0.000400962 0.002001601 0.007234727 0.01045857 0
-9999 -9999 -9999 -9999 -9999 -9999 -9999 -9999 -9999 -9999 -9999 -9999 -9999 -9999 -9999 -9999 -9999 0 0.01185345 0.02342787 0.002821443 0.00466563 0.04820262 0.03408179 0.02843412 0.009218437 0.0433735 0 0.00280112 0.001200961 0 0.02413516 0.1385616 0.1062992 0.102818 0.036 0.02642114 0.1563005 0.2170543 0.2571075 0.1239563 0.07388535 0.0208 0.06976745 0.08490188 0.0808 0.1736 0.01 0 0.003201281 0.002802242 0.0160064 0.005157963 0.06508876 0.01801338 0 0.003639304 0.01241987 0.01002004 0 0 0 0.01240496 0.0024 0.01323176 0.0136601 0.01901294 0.04091456 0 0.002414487 0.003607214 0 0.002008032 0.006053269
-9999 -9999 -9999 -9999 -9999 -9999 -9999 -9999 -9999 -9999 -9999 -9999 -9999 -9999 -9999 -9999 -9999 0 0.005385996 0.02070294 0.01690821 0.01389728 0.02188893 0.02765352 0.04020909 0.0659164 0.1156926 0.000800961 0.0012 0.008025682 0.05412991 0.06471061 0.0457097 0.08253205 0.1458898 0.04288577 0.03972713 0.1489362 0.1344828 0.1866883 0.140367 0.1624 0.106152 0.002407705 0.03204868 0.004403523 0.00400641 0 0.005206247 0 0.01163257 0.000401123 0 0 0.006466513 0.005604484 0.02527076 0.009623095 0.006827309 0.005624749 0.01203852 0 0.008019246 0.01281538 0.01000801 0.007606085 0.01063395 0.1218925 0.0056 0.001202887 0.00804829 0.00723182 0.004417671 0.007652034
-9999 -9999 -9999 -9999 -9999 -9999 -9999 -9999 -9999 -9999 -9999 -9999 -9999 -9999 -9999 -9999 -9999 -9999 0.001218027 0.005006258 0 0.006941001 0.02093719 0.03711133 0.04033885 0.05147953 0.002008839 0 0.008410092 0.0242915 0.1092 0.07661452 0.00771417 0.02439024 0.1407767 0.03935743 0.02849117 0.1061477 0.1394992 0.1100811 0.1317597 0.009619238 0.02272727 0.001206758 0.004012841 0 0 0.006024096 0 0 0 0.003607214 0.02039911 0.01912568 0.001202887 0 0.002004008 0 0.007606085 0.01083467 0.001210654 0.01004419 0.009615385 0.0048 0.001203852 0.008420209 0.000409668 0.1572403 0.0224359 0.002011263 0.004011231 0 0.003663004 0.01323176
-9999 -9999 -9999 -9999 -9999 -9999 -9999 -9999 -9999 -9999 -9999 -9999 -9999 0 -9999 -9999 -9999 -9999 0 -9999 0 0 0 0.007053292 0.0084 0.01604493 0.01045436 0 0.0244489 0.02099314 0.03927856 0.02815768 0.002298851 0.1338851 0.05189059 0.005206247 0.01484156 0.0949139 0.1284816 0.2128655 0.1065278 0.05631537 0.02093398 0.01801441 0.002807862 0.01563753 0 0.008831794 0.02281825 0.01443464 0 0.002805611 0 0.002637363 0.01040833 0.01160464 0.015625 0.002 0 0.0024 0.0148 0.001609658 0.01445783 0.004008016 0.0068 0.01472393 0.01201326 0.02450783 0.02245389 0.01122694 0.000800961 0.008035356 0 0
-9999 -9999 -9999 -9999 -9999 -9999 -9999 -9999 -9999 -9999 -9999 -9999 -9999 0 -9999 -9999 -9999 -9999 0 0 0 -9999 0 0.008323424 0.02721829 0.03125 0.01896691 0.01857085 0.008995502 0.01232394 0.06830266 0.05889213 0.03899083 0.08473895 0.004412355 0.01698342 0.01080432 0.001608363 0.02728227 0.326546 0.2833667 0.195731 0.01192434 0.002590674 0.00040568 0.000402091 0 0.001203369 0.01682692 0.02763316 0 0.003605769 0 0 0.01364366 0.000800641 0.00160064 0.000801925 0.0004 0.0032 0.0036 0.005905512 0.005112474 0.0032 0.0356285 0.01963534 0.1077062 0.01055623 0.005204163 0.000400481 0.000404694 0.01092675 0.004809619 0
-9999 -9999 -9999 -9999 -9999 -9999 -9999 -9999 -9999 -9999 -9999 -9999 -9999 -9999 -9999 -9999 -9999 -9999 -9999 0 -9999 0 0 0.0125 0.03866203 0.0424 0.04134886 0.02486964 0.04025218 0.04555809 0.04480652 0.0204499 0.009238891 0.01906412 0.01283079 0.002818035 0.007630522 0.004813478 0.05491024 0.125 0.1330109 0.123371 0 0 0.001006543 0 0.003573252 0.004493464 0.01802885 0.04651163 0.008807046 0.01923077 0.01682692 0.01759134 0 0 0 0.0172 0 0.0012 0.0028 0.007494145 0.02025783 0.01390268 0.04689379 0.01494845 0.06823144 0.03206413 0.0016 0 0 0.01443464 0.003610108 0
-9999 -9999 -9999 -9999 -9999 -9999 -9999 -9999 -9999 -9999 -9999 0 0 -9999 -9999 -9999 -9999 -9999 -9999 -9999 -9999 0 -9999 0 0.01851852 0.02 0.02881153 0.02805611 0.01891074 0.05898123 0.04545455 0.02431907 0.02471042 0.0395189 0.02057281 0 0.02012072 0.0928 0.04057279 0.04600484 0.04328657 0.06686479 0 0 0 0.001526718 0 0 0.004016064 0.009203681 0.0862069 0.01362726 0.03283941 0.0328921 0.003229974 0.002019182 0.01417848 0.0032 0.0008 0.002002403 0 0.003206413 0.02580108 0.02352941 0.05755396 0.03954424 0.04054794 0.0056 0.008838891 0.0141186 0 0 0.0044 0
-9999 -9999 -9999 -9999 -9999 -9999 -9999 -9999 -9999 -9999 -9999 0 0 0 0 -9999 -9999 -9999 -9999 -9999 -9999 0 0 0 0 0.02526132 0.03004808 0.07378129 0.08226793 -9999 -9999 0.01138952 0 0.01219512 0.02125886 0.0004 0.01041667 0.07398374 0.01118677 0 0.000698324 0.003164557 0 0 0 0 0.005872483 0.002430134 0.01807229 0.004415897 0.006805444 0.000400802 0.0044 0.01560624 0 0 0 0.0020008 0.0028 0.00120048 0 0 0.01454857 0.05384615 -9999 -9999 0.04002354 0.01361634 0.001201442 0.001618123 0.00240481 0 0 0
-9999 -9999 -9999 -9999 -9999 -9999 -9999 -9999 -9999 -9999 -9999 -9999 -9999 -9999 -9999 -9999 -9999 -9999 -9999 -9999 -9999 0 0 0 -9999 0.02207042 0.03401361 0.03156274 0.01002506 -9999 -9999 -9999 0 0.01194268 0.00768188 0 0.008420209 0.01297648 0.04164896 0.08200213 0 0 0 0 0 0.02739726 0.01883013 0.004417671 0.004022526 0.004801921 0 0 0.0004 0 0.01161859 0.004511278 0.04347826 0.0189211 0.00240481 0 0.002 0.0008 0.04125737 0 0.002666667 -9999 0.02426637 0.003607214 0.009654063 0.011304 0.01083902 0.004403523 0.002808989 0
