inst/extdata/EV_continuous/pr_bygall.asc
ncols         158
nrows         201
xllcorner     249000
yllcorner     6531500
cellsize      500
NODATA_value  -9999
[rows 66 to 98 of 201, columns 0 to 73 of 158]
-9999 -9999 -9999 -9999 -9999 0 0.01129488 0 0 0 -9999 0 0.003634895 0.08440515 0.08570284 0.000403063 0 0 0 0.0020008 0 0.005770816 0.01506373 0 0.04488978 0.1252 0.03003604 0.008440514 0 0.005698006 0 0 0 0.003607214 0 0 0 0 0.003009458 0 0 0 0 0 0.004019293 0 0 0 0.004805767 0.01601922 0.000801603 0.000801925 0 0 0 0 0 0 0 0 0 0.0106067 0.00080032 0 0.002 0.006835545 0.09251101 0.06965572 0.04275918 0.006012024 0.0072 0.009203681 0.005756579 0
-9999 -9999 -9999 -9999 0.06880734 0.03326039 0.03442754 0.003617363 0.01484156 0 -9999 0.0398482 0.0984 0.1264506 0.05049261 0.01916667 0 0.0076 0.01967872 0.0132 0 0.002472799 0 0 0.01424212 0.02545744 0.00697007 0.003618818 0 0.00160064 0.000415628 0 0 0.002402883 0 0 0.00040032 0.002855977 0 0 0 0 0 0.00080032 0.00080289 0.004414125 0 0.004001601 0.001202405 0.007211538 0.006816359 0.004012841 0 0 0 0.0024 0 0 0 0 0 0.004003203 0.00851927 0 0 0.004803843 0.05804644 0.07649179 0.009203681 0.01120897 0.000800641 0.005204163 0.005469079 0
-9999 -9999 -9999 -9999 0.1316025 0.1284 0.03380049 0.0788 0.1052209 0.03496974 0 0.1071716 0.1368 0.0932 0.116117 0.04679912 0.01243482 0.0064 0.001603206 0.01848132 0 0 0 0 0 0.002812374 0 0 0 0.01 0.00787728 0.000800641 0.01442308 0.006410256 0 0.01551481 0.008997429 0.003533569 0 0 0 0 0 0 0 0.006026517 0 0 0 0.007487521 0.007260992 0.004809619 0 0 0.000426439 0.001203852 0.000800641 0.000401284 0.000401606 0 0 0 0 0.00040568 0.003620274 0.003610108 0.00040016 0.01146984 0.003201281 0.01160464 0.007202881 0.006 0.00634058 0
-9999 0 0.000919963 0.03335514 0.1308585 0.1108 0.1208 0.1428571 0.1564838 -9999 0.3740289 0.03776752 0.07343608 0.1 0.1332533 0.01167002 0.006058158 0 0 0.000414766 0 0 0 0 0.009169054 0 0 0 0 0.003207698 0.006076389 0.004803074 0.01934827 0.006033789 0.001601281 0.008172363 0 0 0 0 0 0 0 0 0 0.03048017 0 0 0 0 0.0052 0.005218788 0 0.0024 0.001604493 0.005218788 0.000800641 0 0 0 0 0 0 0.001628664 0.01004419 0.01561874 0.009603842 0.003246753 0.006802721 0.008003201 0.004412355 0.007214429 0 0
0.007722008 0.001340483 0.01049233 0.0312 0.06928314 0.0784 0.1676 0.1488 0.2872044 0.3228942 0.4115433 0.07278481 0.04871323 0.1080755 0.2552 0.006 0.009372453 0 0.002388915 0.01147396 0 0.00042735 0.0008 0.01857451 0.007820647 0 0 0 0.01402244 0.003613007 0.00794621 0.01288056 0.004414125 0.005218788 0.0004 0.006273526 0 0.009908537 0.001633987 0 0 0 0.000802568 0.00120048 0 0.001233046 0 0 0 0 0.01723447 0 0 0 0 0 0 0 0 0 0 0 0.0024 0.005654281 0.008423586 0.00160064 0.008426966 0.003636364 0.004030633 0.004412355 0.004819277 0.005867561 0 0
-9999 0.003171247 0.00973236 0.01083902 0.006482982 0.0296237 0.1568 0.162 0.1890185 0.1875 0.238 0.2001213 0.157845 0.142 0.08585446 0 0 0 0.002883506 0.00660066 0 0 0.00085034 0.01284797 0.003637833 0 0 0.001201923 0.008423586 0 0.00542571 0.0104 0 0 0.003604325 0.009615385 0 0.002807862 0 0 0 0.000827472 0.002714932 0.009052183 0.002004008 0 0 0 0 0.0016 0.002808989 0 0.001601922 0 0 0 0 0 0 0 0 0 0.004003203 0.000807754 0.006 0 0.003673469 0.000812348 0.006805444 0.008012821 0.007490637 0.01934236 0 0
-9999 0.003686636 0.01662612 0.005218788 0.01040833 0.03327922 0.0896 0.1527062 0.03225806 0.1528953 0.18 0.1583166 0.124792 0.0877893 0.04054054 0 0 0.000537346 0.004854369 0 0 0 0.0013947 0.000401606 0.0004 0.000684463 0.00047259 0 0.006899724 0.01367659 0.007343941 0 0 0 0.000949217 0.003584229 0 0 0 0.001206758 0.00160064 0.004412355 0 0 0.00240481 0.00762134 0.009450172 0 0 0.002413516 0 0 0 0 0 0 0.001208216 0 0 0 0.0104292 0.008423586 0 0.003236246 0.004053506 0.00697007 0.01249496 0.003753128 0.006832797 0.002805611 0.00618753 0 0 0.001574803
-9999 0 0 0.002050021 0.002666667 0.001035197 0.07349563 0.01190476 -9999 0.1500303 0.1492 0.1176471 0.1265407 0.1436 0.07692308 0.0064 0 0 0 0 0 0 0.005298013 0 0 0.000423012 0 0.003202562 0 0.007062734 0.01005227 0.00251046 0.000410678 0.000416667 0 0 0 0 0 0 0 0.000400641 0.003613007 0 0 0 0 0.005647438 0.002409639 0 0 0 0.000801282 0.004401761 0.00040032 0.006004804 0 0 0.002408671 0.008045052 0.006824568 0.00761523 0.001603849 0 0.005261028 0.007217322 0.008420209 0.01081731 0.005459509 0.009795918 0.001618123 0 0 0
-9999 0 0.002998501 0 -9999 0 0.002207506 -9999 -9999 0.121164 0.2228 0.3396 0.1876 0.1236495 0.09862013 0.005060089 0 0 0 0.001890359 0.007518797 0 0 0 0.002004008 0 0 0.000569152 0.002901354 0 0.008084074 0.002710027 0 0 0 0 0 0 0 0 0 0.0004 0.000400481 0 0.000408998 0 0 0.005749668 0.04242928 0.01192925 0.004043672 0 0 0 0.005229284 0 0.00562701 0.002425222 0.008817635 0.00526529 0.004803843 0 0 0 0 0.005220884 0.006 0.000801603 0.008810573 0.008839779 0 0 0 0.006000857
-9999 -9999 -9999 -9999 -9999 -9999 -9999 -9999 -9999 0.1196617 0.1444 0.214 0.2384 0.1133814 0.07287449 0 0 0 0 0.003785011 0 0.001709402 0.002663116 0.000484731 0.002 0 0 0.009518773 0.002001601 0 0 0.00234192 0.001628664 0 0 0 0 0.00040016 0 0 0 0.000426985 0 0 0.0068 0.001632653 0.002941176 0.00631068 0.002412545 0.03883107 0.01905148 0.000827815 0.002844372 0.003210273 0 0.006014435 0.002853649 0.007211538 0.009307972 0 0.002409639 0 0 0.001603206 0 0 0.0004 0.002002403 0.004746835 0.01779359 0 0 0.01675521 0.003605769
-9999 -9999 -9999 -9999 -9999 -9999 -9999 -9999 0.0538674 0.07365893 0.09883954 0.1036829 0.1524 0.1132 0.000458505 0 0 0.003189793 0 0 0.005044136 0.002803364 0 0.000636943 0.003954523 0.006114508 0.000684463 0.003561888 0.001350743 0.004300048 0.001546392 0.004602992 0 0 0 0 0.008086253 0.001222992 0 0 0 0.000416667 0 0 0 0.003378378 0.006791171 0.001604278 0 0.04779116 0.007633588 0.008416834 0.0195599 0.01177904 0.003236246 0.003637833 0.00682183 0 0 0 0.005633803 0 0 0.003611557 0.002804487 0.00040016 0.001601922 0.00120048 0.000848896 0 0 0 0 0.00120048
-9999 -9999 -9999 -9999 -9999 -9999 -9999 -9999 0.03034134 0.02402884 0.007237636 0.001207243 0.02646351 0.16 0.006009615 0.004533092 0.005445882 0 0 0.01587302 0.003401361 0.00040016 0.001201442 0 0.000681199 0.008273009 0.0013947 0 0 0.000804505 0.001355626 0 0 0 0 0 0 0 0 0 0 0 0 0.0004 0.003203845 0.000802568 0.003205128 0.00049776 0 0.009289176 0 0 0.002005616 0 0.002069536 0.002024291 0.001606426 0.00240096 0 0 0.003723624 0.000402414 0 0.006127451 0.000812678 0.000446828 0.004811548 0.001207729 0 0 0 0.008206331 0.003211562 0.0008
-9999 -9999 -9999 -9999 -9999 -9999 0 -9999 0.02839442 0.02360944 0.006004804 0.006028939 0.008019246 0.03761505 0.03401361 0.02001601 0.0208 0.005 0.005494505 0.03299857 0.006033789 0 0.002202643 0 0 0 0.000437063 0 0.000417711 0 0.004545455 0 0 0 0 0 0 0.001189061 0 0 0 0 0 0 0 0 0 0 0 0.00761523 0 0.000400802 0.002011263 0 0.003211562 0 0 0.00521251 0 0 0 0 0.000400962 0.001413095 0 0 0.002806736 0.008406725 0.003501401 0 0.006329114 0.003658537 0 0.0012
-9999 -9999 -9999 -9999 -9999 -9999 0 0.0867052 0.03708182 0.01000801 0.005611222 0 0.01085645 0.008022463 0.002006421 0.0200642 0.03126252 0.008305648 0.007070707 0.01201923 0.008410092 0 0 0.002805611 0.000890472 0.001121705 0.001574803 0 0 0 0 0 0 0 0 0 0 0.000477555 0 0 0 0 0 0 0.000405351 0 0 0 0 0 0 0 0 0 0 0 0 0 0 0 0 0.003608661 0.000401606 0.0004 0 0 0.005210421 0 0.01162791 0 0.003514938 0.002008032 0.004807692 0.006405124
-9999 -9999 -9999 -9999 -9999 -9999 -9999 0.1235955 0.03029063 0.0176565 0.02648475 0.006412826 0.04285142 0.002003205 0 0 0.0100321 0.04521809 0.006410256 0.009611534 0.01245981 0.006813627 0.0012 0 0 0 0.001194743 0 0 0 0.001233046 0 0 0 0 0 0 0 0 0 0 0 0 0 0 0 0 0 0.001188354 0 0 0 0 0 0 0 0 0 0 0 0 0 0 0.000400481 0 0 0.0164 0.006810897 0.009137636 0 0.005623243 0.003211562 0.00040016 0.000802568
-9999 -9999 -9999 -9999 -9999 -9999 -9999 -9999 0.07953216 0.026538 0 0.03564277 0.05682273 0.024 0.003206413 0.006012024 0.00482509 0.01886792 0.000804182 0.000400802 0.007217322 0.02282739 0.006430868 0.000801282 0.000477783 0 0 0 0 0 0 0 0 0 0 0.008532423 0.000488998 0 0 0 0 0 0 0 0 0 0 0 0 0 0 0 0.00040032 0 0 0 0 0 0.002002403 0 0 0.000400481 0 0.00040016 0 0.004809619 0.01241987 0.01584582 0.00729927 0 0.003080715 0.002406739 0 0
-9999 -9999 -9999 -9999 -9999 -9999 -9999 0 0.04930525 0.01819652 0.01882259 0.1274549 0.0192926 0.009214744 0.0068 0 0.01725522 0.007202881 0.02804487 0.04001601 0.0004 0.04019292 0.008423586 0.01482966 0.005615724 0 0 0 0 0 0 0 0 0 0 0 0 0 0 0 0 0 0 0 0 0 0 0 0 0 0 0 0 0 0 0 0.000400962 0 0 0.0028 0 0 0 0.003611557 0 0.0096 0.007912957 0.01449275 0.08333334 0.003710575 0.0068438 0 0 0
-9999 -9999 -9999 -9999 -9999 -9999 -9999 -9999 0.02104208 0.01414634 0.02281825 0.02133655 0.01440576 0.003208985 0.01601922 0.006410256 0.008045052 0.008443908 0.05337079 0.1208 0.01440576 0 0 0.02082499 0.02967121 0.07 0.003602882 0 0 0 0 0 0 0.005366726 0 0 0 0.001798561 0.000400962 0 0 0 0 0 0 0 0 0 0 0 0 0 0 0 0 0 0 0 0.006036217 0 0.001605136 0 0.005633803 0.003602882 0.001278772 0.00135318 0.002876318 0.001858736 0.04964539 0.004401761 0 0 0 0
-9999 -9999 -9999 -9999 -9999 -9999 -9999 0 0.02517482 0.06086956 0.008009612 0.0096 0.008810573 0.006004804 0.009207366 0.0104 0.05446536 0.03117409 0.02041633 0.1 0.0876 0.05813954 0.0848 0.002413516 0.04326923 0.05642257 0.0052 0 0 0 0 0 0 0 0.01115242 0 0.000800961 0.01076233 0.0004 0 0 0 0 0 0.002009646 0 0 0 0 0 0 0 0 0 0 0 0.000421053 0 0 0 0.000803213 0.0016 0.001074691 0.007889546 0 0.005773672 0.00641797 0.004187605 0.009242144 0.007672634 0.00160064 0 0 0
-9999 -9999 -9999 -9999 -9999 -9999 -9999 -9999 0.01415094 0.02795699 0.01299229 0.006407689 0.00160064 0.002808989 0.0028 0.0044 0.01123145 0 0.01321057 0.0016 0.007205765 0.09 0.1743487 0.0224 0.002425222 0 0.00135196 0.003745318 0.002814919 0 0 0 0.000998004 0 0.007575758 0 0.001204336 0 0.000821018 0 0 0 0 0.0032 0.00040016 0 0 0 0 0 0 0 0 0 0 0 0 0 0 0.002408671 0.00080289 0.00068918 0 0.007718696 0.001051525 0.0012 0.002803364 0 0.00259909 0.009279086 0.002853649 0.00240481 0 0
-9999 -9999 -9999 -9999 -9999 -9999 -9999 -9999 0 0.004807692 0 0.008107013 0.0092 0 0 0.002401922 0.02043269 0 0.008403361 0.004011231 0.004401761 0.01128122 0.01201442 0.04302372 0.04330393 0.003205128 0.001409112 0.000424989 0.007644197 0 0 0.01494768 0.002645503 0.01677149 0.01486989 0 0.000433276 0 0.004399749 0.003206413 0 0.002807862 0.002406739 0.00882825 0.002009646 0 0 0 0 0.000401929 0 0 0.00049505 0.000400481 0 0 0 0 0 0 0.001630435 0 0.000503525 0.004 0 0.0316 0.003207698 0 0.000625391 0.004282655 0 0.00680817 0.01202887 0.0020008
-9999 -9999 -9999 -9999 -9999 -9999 -9999 -9999 0 0.004812834 0.000513875 0.004022526 0.01120448 0 0.005204163 0.0012 0.04923939 0.0112495 0.01040416 0.0088 0.0016 0.01885279 0.0168 0.001203852 0.006425703 0.02857143 0.02602082 0.01482372 0 0 0 0.003131524 0.001040583 0.02154696 0 0.00137741 0 0 0.003891051 0.0008 0 0 0.004417671 0 0 0 0 0 0 0 0 0 0 0 0 0 0.0024 0 0.001606426 0.001814882 0 0 0 0.0004 0 0.0392471 0.0372895 0.002314815 0.004310345 0 0.002415459 0.002025932 0.008810573 0
-9999 -9999 -9999 -9999 -9999 -9999 -9999 -9999 0.02739726 0.02226345 0 0 0.004022526 0 0.005206247 0.01897457 0.004405286 0.008022463 0.000801282 0.00120048 0.004815409 0.0116 0.0212853 0.01572581 0.001601922 0.01760704 0.00761523 0.02047371 0.001205788 0 0.01215395 0.001057082 0.008016878 0.005268199 0 0.005228137 0.002 0 0 0 0 0.003601441 0.004012841 0.001601922 0 0.004801921 0.003634895 0.007217322 0 0.000401123 0.005208333 0 0 0 0 0 0.002805611 0 0.004462294 0 0 0 0 0 0 0.007603041 0.01203819 0.002901354 0.000810373 0 0 0.000404858 0.004807692 0.00160901
-9999 -9999 -9999 -9999 -9999 -9999 -9999 -9999 0.02905028 0.005338809 0 0.001638673 0.005220884 0.0004 0.009211053 0.002006421 0.03501006 0.000805802 0.054 0.004415897 0.01042502 0.003610108 0 0.006885379 0.004827031 0.01120448 0.005210421 0.004410585 0.03772071 0.03969527 0.1353957 0.028 0.01494949 0.04268808 0 0.000402739 0.001603206 0 0 0.0008 0 0.01526718 0.004 0.000402253 0 0.000887311 0 0.01214575 0 0.001620089 0.003206413 0.01406187 0.005231388 0 0.0016 0 0.008972268 0.001831502 0 0 0 0.0004 0 0 0 0.00122449 0.004026846 0.004775549 0 0 0 0 0.007618284 0.007223114
-9999 -9999 -9999 -9999 -9999 -9999 -9999 -9999 0.01222826 0.006410256 0.005132991 0.004909984 0.0056 0.0048 0.008824709 0.000400481 0.0020008 0.008028904 0.003605769 0.000803213 0 0 0 0.005611222 0.000800641 0.0048 0.00240096 0 0.018 0.01485347 0.1164659 0.141252 0.1058965 0.03646047 0.002066116 0 0 0 0.003243243 0.0048 0.006028939 0.006009615 0 0 0 0 0 0.000412712 0.002825999 0.0012 0 0.0004 0.0004 0 0 0.001419111 0.008064516 0 0 0.000457666 0 0 0 0.003201281 0.006094906 0.01175812 0.008807986 0.007287449 0.0004 0 0.009603842 0.006 0.006 0.000401768
-9999 -9999 -9999 -9999 -9999 -9999 -9999 -9999 0.02310924 0.04534511 0.002402883 0 0 0 0.006428284 0.01325301 0.006934813 0.00172117 0 0 0.006877023 0 0.005654281 0.01405058 0.001606426 0.01686747 0 0.01002004 0.0028 0.01203369 0.02733119 0.07701565 0.1236948 0.0959069 0.03852328 0.01086082 0 0.002007226 0.007624398 0.01041667 0.004442649 0 0 0 0 0 0 0 0 0 0 0.001871491 0.003427592 0.00338696 0.001241465 0 0 0.004965243 0.001608579 0 0 0.001602564 0 0.001205303 0.008913649 0 0.0084 0.008430349 0.001200961 0 0.0032 0.0072 0 0
-9999 -9999 -9999 -9999 -9999 -9999 -9999 -9999 0.06084656 0.02564103 0.0056 0.006004804 0 0 0.01603849 0.06089744 0.001086957 0 0.001204819 0 0.00445705 0.01285141 0.004803843 0.000400802 0.01448109 0 0 0 0 0.004819277 0.002423263 0.004819277 0.02005616 0 0.005210421 0.02330253 0.02001601 0.04933815 0.058 0.03227108 0.061249 0.003811944 0 0.001297017 0 0 0 0.002430134 0 0 0 0.000829876 0.0136612 0.007518797 0.02139303 0 0 0 0.000800641 0 0 0.003202562 0.02248996 0.003212851 0.02124183 0.003128259 0.01001201 0.01565008 0.007624398 0 0.0036 0.0004 0 0
-9999 -9999 -9999 -9999 -9999 -9999 0 0.005020921 0.06060606 0.08213141 0.01363272 0.00241838 0 0.000401929 0.03266639 0.03434343 0.007936508 -9999 0.01355014 0.004821213 0.01161859 0.004027386 0.001200961 0.01200961 0.006007209 0.000400962 0 0.0008 0.0112 0.005303958 0.0032 0.006007209 0.008454106 0.004020909 0.01002808 0.005608974 0 0.01321586 0.01044177 0.05499799 0.061167 0.03121248 0.0024 0 0 0 0.001602564 0 0 0.000426439 0.000801282 0.005794702 0 0 0.00240096 0.000402901 0.006407689 0.0004 0 0 0.001200961 0.001639344 0.0036 0.002511511 0 0.007835052 0.0120048 0.0376 0.02204409 0.01001603 0 0 0 0.00040032
-9999 -9999 -9999 -9999 -9999 0 0 0.01030928 0.05099778 0.07076515 0.08577155 0.01738076 0 0 0.04217159 0 -9999 -9999 0.03117506 0.007630352 0 0.000803536 0 0.007217322 0.01253538 0.008835341 0 0.004801921 0.007682976 0.004011231 0 0.00521251 0.003608661 0.002267574 0.001605781 0 0.006420546 0.005617978 0.008041817 0.008814103 0.001607717 0.01241987 0.01177904 0.03730018 0.006033789 0.00289296 0 0 0 0 0 0 0 0.006432749 0 0 0.0008 0 0.001601281 0.0068 0 0 0.00280112 0.006170119 0 0.01000801 0.005204163 0.02646351 0.002405774 0.0032 0.0036 0 0 0
-9999 -9999 -9999 -9999 -9999 0 0.000659196 0.01017576 -9999 0.08878183 0.06957547 0.09379015 0.03423278 0.02177419 0.04995375 -9999 0.006369427 0 0.02259887 0.01169826 0 0 0 0 0.009229535 0 0.006849315 0.009277935 0.004828974 0 0 0 0.02205293 0.008505468 0.004801921 0 0 0 0 0.007237636 0.000803536 0.00280112 0.00240481 0.009587328 0.003371869 0.007355946 0.006009615 0 0 0 0.0004 0 0.006482982 0 0.0101626 0 0.000402576 0.001647446 0.008003201 0.0028 0.02260799 0 0.002805611 0.003661513 0 0.00043592 0.0164 0.0128 0.002409639 0 0 0 0.006014435 0
-9999 -9999 -9999 -9999 -9999 0 0 0.004975124 -9999 0.01826484 0.0227704 0.01615509 0.06333739 0.06082949 -9999 -9999 0 0.003319502 0.009077156 0.01485347 0.001607071 0 0.008 0.01886002 0.03521127 0.000462535 0.000407664 0.000401929 0.003605769 0 0 0 0.006816359 0.002025932 0.006816359 0.004410585 0.0104 0.004017678 0.01682692 0.0020008 0 0.008430349 0.005456349 0.000496032 0.01200961 0.01280512 0.000400802 0 0 0 0.000908265 0.005966587 0.004302926 0.001009082 0 0 0 0.0068 0.000801282 0.000401445 0.00240096 0.004823151 0.001618778 0.008406725 0.009765625 0.005255255 0.006910569 0 0 0 0.00720865 0.001204819 0.003207698 0
-9999 -9999 -9999 -9999 -9999 -9999 -9999 -9999 -9999 -9999 0.008492569 0.001201923 0.03468208 -9999 0.00729927 0.02220166 0.01559792 0.007636656 0.003508772 0.005613472 0.002005616 0 0.02277657 0.01971091 0.0471394 0.05512135 0.008824709 0.004008016 0.001201442 0 0 0.00400641 0.01642628 0.006530612 0 0.008 0.01162325 0.0008 0.01120448 0.009244373 0.000400641 0.007016096 0.02146947 0.01121795 0.000803213 0.0168 0.004403523 0.0044 0.0764 0.007234727 0 0.01696284 0 0 0 0 0.003482804 0.003602882 0.006412826 0.001606426 0 0.000400802 0.002427184 0.0024 0 0.01509186 0.0036 0 0 0 0.003608661 0.00120048 0 0
-9999 -9999 -9999 -9999 -9999 -9999 -9999 -9999 -9999 -9999 0.02879291 0.03333333 0.04281346 0 0.01162791 0.01253918 0.02089552 0.02184154 0.01960784 0.001356239 0.005393258 0 0 0.01645265 0.01644605 0.002811245 0 0 0 0 0.00280112 0.003601441 0.0164197 0.005161896 0 0.008327995 0.00680817 0.00682183 0 0.005720824 0 0.01323408 0.02859822 0.00418235 0.02088353 0.008831794 0.005620233 0 0.014 0 0 0.004840662 0 0 0 0 0.003419638 0 0 0.002412545 0.0048 0 0.002582867 0.008924777 0.001298701 0.008550663 0 0 0 0.001203369 0.007618284 0.000802246 0 0.004809619
