inst/extdata/EV_continuous/prtilany.asc
ncols         158
nrows         201
xllcorner     249000
yllcorner     6531500
cellsize      500
NODATA_value  -9999
[rows 31 to 61 of 201, columns 0 to 69 of 158]
-9999 -9999 -9999 -9999 -9999 -9999 -9999 -9999 -9999 -9999 -9999 -9999 -9999 -9999 -9999 -9999 -9999 -9999 -9999 -9999 -9999 -9999 -9999 -9999 -9999 -9999 -9999 -9999 -9999 -9999 -9999 -9999 -9999 -9999 -9999 -9999 -9999 -9999 0.03807615 0.6972 0.8202562 0.9832 0.4277711 1.002808 0.9611021 0.8176544 0.9551935 0.8407437 0.9185905 0.8997575 0.9610705 0.9887415 1.005632 0.4716 0.1987903 0.7308463 0.9537781 1.001603 1.001201 0.9867043 0.4304051 0.4040161 0.9630967 0.976094 0.9863946 1.004854 1.000801 0.9980412 0.9573542 0.8991193
-9999 -9999 -9999 -9999 -9999 -9999 -9999 -9999 -9999 -9999 -9999 -9999 -9999 -9999 -9999 -9999 -9999 -9999 -9999 -9999 -9999 -9999 -9999 -9999 -9999 -9999 -9999 -9999 -9999 -9999 -9999 -9999 -9999 -9999 -9999 -9999 -9999 -9999 0.7268723 1.005227 1 0.9023219 0.7803121 0.9648 0.9578042 1.005257 1.001201 1.003613 0.9438653 1.002411 1.005632 0.6436597 0.8191277 0.8049075 0.1752619 0.06533066 0.4454289 0.55 0.8864 0.4513026 0.6848218 0.9543269 0.9908 0.9559418 0.9943978 1.000922 1 0.9264305 0.9455565 1
-9999 -9999 -9999 -9999 -9999 -9999 -9999 -9999 -9999 -9999 -9999 -9999 -9999 -9999 -9999 -9999 -9999 -9999 -9999 -9999 -9999 -9999 -9999 -9999 -9999 -9999 -9999 -9999 -9999 -9999 -9999 -9999 -9999 -9999 -9999 -9999 -9999 -9999 0.8094469 0.9370489 1.002005 0.9811699 0.7762836 0.9082007 0.9846526 0.9136 0.9748 0.9787319 0.9783741 0.9967742 1.003613 1.000801 0.9967949 1.002004 0.8869286 0.8338684 0.6259542 0.1180249 0.0528 0.04381029 0.7596 1.001603 1 0.9979749 1.001733 1 0.9985119 0.975 0.9084 0.9995995
-9999 -9999 -9999 -9999 -9999 -9999 -9999 -9999 -9999 -9999 -9999 -9999 -9999 -9999 -9999 -9999 -9999 -9999 -9999 -9999 -9999 -9999 -9999 -9999 -9999 -9999 -9999 -9999 -9999 -9999 -9999 -9999 -9999 -9999 -9999 -9999 -9999 -9999 0.8464039 0.9639968 0.6134723 0.5994188 0.8957055 0.9512 0.7811124 0.672 1 1.001201 1 0.9923848 0.9971887 1.002004 1.0004 1.003613 1.003613 0.9867894 1 0.5820956 0.1436 0.6302859 0.5615664 0.948718 1.000801 0.9278945 0.9629425 0.07317073 1 1.000439 0.9370245 0.9991981
-9999 -9999 -9999 -9999 -9999 -9999 -9999 -9999 -9999 -9999 -9999 -9999 -9999 -9999 -9999 -9999 -9999 -9999 -9999 -9999 -9999 -9999 -9999 -9999 -9999 -9999 -9999 -9999 -9999 -9999 -9999 -9999 -9999 -9999 -9999 -9999 1.001201 1.000801 1.004823 0.9840881 0.6141988 0.8200566 0.4777911 1 0.9694534 0.478766 1 1.001201 1.000801 1.004419 0.982 1.000801 1 1.002004 1 0.9927971 0.995593 0.9883953 0.6459928 0.7621534 0.7232251 0.4863563 0.8607443 0.7665391 0.8598131 0.6872038 1 1 0.9613035 0.993988
-9999 -9999 -9999 -9999 -9999 -9999 -9999 -9999 -9999 -9999 -9999 -9999 -9999 -9999 -9999 -9999 -9999 -9999 -9999 -9999 -9999 -9999 -9999 -9999 -9999 -9999 -9999 -9999 -9999 -9999 -9999 -9999 -9999 -9999 -9999 -9999 1.009693 1.001201 0.9860884 0.9496284 0.9796582 0.8935148 0.4479584 0.9648 1 1.0004 1.002004 1.001201 1 1.002004 0.9796 0.9855363 1.002808 1.00321 1.0004 1 0.9891697 0.950833 0.4795509 0.4261705 0.9591589 0.4337763 0.8435583 0.995447 1.002407 0.9175714 1.00527 1.001642 0.9658085 0.9867947
-9999 -9999 -9999 -9999 -9999 -9999 -9999 -9999 -9999 -9999 -9999 -9999 -9999 -9999 -9999 -9999 -9999 -9999 -9999 -9999 -9999 -9999 -9999 -9999 -9999 -9999 -9999 -9999 -9999 -9999 -9999 -9999 -9999 -9999 -9999 0.8838141 1 0.9927798 0.9725522 1.005326 0.9194741 0.4961985 0.7242485 0.9028 1 1 1.002406 1.0004 1 1.0004 1 0.9931973 0.9912 1.004016 1.002406 1.002004 0.9899598 0.8074434 0.3345382 0.6736 1.014586 0.7423581 0.5939127 0.6575673 0.9630818 0.9895582 0.6677524 1 0.9991968 0.9698452
-9999 -9999 -9999 -9999 -9999 -9999 -9999 -9999 -9999 -9999 -9999 -9999 -9999 -9999 -9999 -9999 -9999 -9999 -9999 -9999 -9999 -9999 -9999 -9999 -9999 -9999 -9999 -9999 -9999 -9999 -9999 -9999 -9999 -9999 0.7784 1.001603 0.9871486 0.9866667 0.9930978 1.0004 1 0.9995982 1 1 1 1.0004 1 1 1 1 1.006036 1.002004 1.005234 1.010101 1.005632 1.002004 1.006441 0.9818621 0.6563913 0.9942693 0.3746898 0.906404 0.5362319 0.4124044 0.2356483 0.7867203 0.8726982 1.0004 0.9912 0.9510518
-9999 -9999 -9999 -9999 -9999 -9999 -9999 -9999 -9999 -9999 -9999 -9999 -9999 -9999 -9999 -9999 -9999 -9999 -9999 -9999 -9999 -9999 -9999 -9999 -9999 -9999 -9999 -9999 -9999 -9999 -9999 -9999 0.4431041 0.9004 1 1 0.979968 0.996307 1.002808 1.000801 1.0004 1.008471 1 1 1 1.002808 1 1 1 1 1.002808 1 1.004419 1.002004 1.008878 1.006847 1.003613 1.002419 0.9521704 0.7646586 0.9696186 0.9921773 0.8209852 0.796 0.09887911 0.02416432 0.351785 0.94998 0.9462279 0.1255515
-9999 -9999 -9999 -9999 -9999 -9999 -9999 -9999 -9999 -9999 -9999 -9999 -9999 -9999 -9999 -9999 -9999 -9999 -9999 -9999 -9999 -9999 -9999 -9999 -9999 -9999 -9999 -9999 -9999 -9999 -9999 -9999 -9999 -9999 1 1 0.9326923 0.99185 1 1 1 1.001603 1 1 1.001603 1.001201 1 1 1 1 1.0004 1.000801 1.004419 1.002808 1.00321 1.004823 1.006847 0.7094017 0.95835 0.3217287 0.9664179 0.96446 0.8930868 0.8762677 0.6076 0.3929289 0.07182986 0.3479133 0.2059062 0.1244
-9999 -9999 -9999 -9999 -9999 -9999 -9999 -9999 -9999 -9999 -9999 -9999 -9999 -9999 -9999 -9999 -9999 -9999 -9999 -9999 -9999 -9999 -9999 -9999 -9999 -9999 -9999 -9999 -9999 -9999 -9999 -9999 -9999 0.9686621 0.6559872 0.8217023 0.9391513 0.979525 1 1 1 1 1 1 1.002406 1 1.00321 1.006441 1.001201 0.791446 0.6483781 0.4238384 0.8169014 1.002406 1.002004 0.9883487 0.9915391 0.8572581 0.9835342 0.7558047 0.5767535 0.8862853 0.8260169 0.6402243 0.866 0.6507618 0.010004 0.03441377 0.0332 0.0032
-9999 -9999 -9999 -9999 -9999 -9999 -9999 -9999 -9999 -9999 -9999 -9999 -9999 -9999 -9999 -9999 -9999 -9999 -9999 -9999 -9999 -9999 -9999 -9999 -9999 -9999 -9999 -9999 -9999 -9999 -9999 -9999 -9999 1.002406 0.8038508 0.2780449 0.8103241 0.9840164 1 1.0004 1.049538 1 1.018745 1 1 1 1 1.005632 1.000801 0.6236342 0.5143899 0.1347233 0.6428857 1.001603 0.9955947 0.9911753 1.004018 0.9895666 1.0004 0.9819494 0.6454327 0.700196 1.004651 1 0.9988 0.557793 0.5187123 0.4909964 0.01281025 0.01561249
-9999 -9999 -9999 -9999 -9999 -9999 -9999 -9999 -9999 -9999 -9999 -9999 -9999 -9999 -9999 -9999 -9999 -9999 -9999 -9999 -9999 -9999 -9999 -9999 -9999 -9999 -9999 -9999 0.256877 -9999 0.7356042 0.8043654 0.7019231 0.9297471 0.9587505 0.5579623 0.4661594 0.8794734 1 1.0004 1.235178 1 1.028807 1 1 1.0004 1.001201 1.050862 1.054852 1.0004 1 0.8285257 0.670008 0.6251502 0.9386528 1 1.000801 1.004016 1.0004 0.9766223 0.5702811 0.9973457 0.6546657 0.8511236 0.6789432 0.4253104 0.7106969 0.769908 0.2254823 0.5214257
-9999 -9999 -9999 -9999 -9999 -9999 -9999 -9999 -9999 -9999 -9999 -9999 -9999 -9999 -9999 -9999 -9999 -9999 -9999 -9999 -9999 -9999 -9999 -9999 -9999 -9999 0.3727162 0.2561122 0.9855711 0.9819567 0.999599 0.9467148 0.322529 0.7508 1.002406 0.9299517 0.505604 1.000402 1 1.0004 1.017915 1.001603 1.005227 1.0004 1.001603 1.0004 1.0004 1 1.027538 1.000801 1.002004 1.00321 0.9686495 0.5844 0.6134723 0.9615692 0.9967884 1.001603 0.7247191 0.9839293 0.402 1 0.6202144 0.786558 0.9916 0.9924 0.9692059 0.3487344 0.5116559 0.4517685
-9999 -9999 -9999 -9999 -9999 -9999 -9999 -9999 -9999 -9999 -9999 -9999 -9999 -9999 -9999 -9999 -9999 -9999 -9999 -9999 -9999 -9999 -9999 -9999 -9999 0.8366356 0.9891697 0.9470942 0.9472 0.891252 0.278 0.5482193 0.4368 0.9552 0.99713 1.002085 0.9963636 1 1 1.0004 1.003212 1.005227 1.015022 1.004016 1.004016 1.002004 1.003613 1 1.010509 1.002808 1.002004 1.00321 1.000801 0.9815853 0.9549296 0.9742869 0.7109061 0.4008811 0.06647977 0.9370489 0.354942 0.9331197 1.000832 0.9994469 1 0.9828 0.79992 0.7410423 0.8642914 0.9070048
-9999 -9999 -9999 -9999 -9999 -9999 -9999 -9999 -9999 -9999 -9999 -9999 -9999 -9999 -9999 -9999 -9999 -9999 -9999 -9999 -9999 -9999 -9999 -9999 -9999 0.6775231 0.9895582 0.9647153 0.9599198 0.997996 0.3315979 0.0764 0.7327303 0.9911839 0.994461 0.9851763 0.9883534 0.9859663 0.9867947 0.9855942 1.320383 1.157943 1.010918 1.001201 1.001201 1.004419 1.010509 1.001201 1.019576 1 1.004823 0.8967174 0.5720612 0.9435096 1.002004 1.002004 0.9695879 0.9883441 0.9669887 0.9806685 0.7579413 0.7577093 0.8562802 0.4632953 1.002519 0.9883907 0.8919903 0.5566422 0.9975699 0.9638989
-9999 -9999 -9999 -9999 -9999 -9999 -9999 -9999 -9999 -9999 -9999 -9999 -9999 -9999 -9999 -9999 -9999 -9999 -9999 -9999 -9999 -9999 -9999 -9999 -9999 0.739043 0.9382518 1.003213 0.9767442 0.9903692 0.8827531 0.4381029 0.7051007 0.9306057 0.8006405 0.994391 1.00321 1.00321 1.001603 1 1.2054 1.131734 1.006847 1 1.0004 1.000801 1 1 1.020408 1 0.8495788 0.6643918 0.8096955 0.7025291 0.5567589 0.9811548 1.001201 1.001201 0.9659591 0.92499 1.00321 0.9827031 0.7612 0.1053686 0.7399588 1.002004 1.015918 0.9667068 1 0.9467361
-9999 -9999 -9999 -9999 -9999 -9999 -9999 -9999 -9999 -9999 -9999 -9999 -9999 -9999 -9999 -9999 -9999 -9999 -9999 -9999 -9999 -9999 -9999 -9999 -9999 0.6513872 1.001603 1.0004 1.0004 1 1 0.8586869 0.8696377 0.9892 1 1.002004 1.003613 1 1.002004 1 1 1.010101 1.002004 1.001201 1 1.002808 1 1 1.01626 1.002004 0.8994391 0.2429719 0.266 0 0.004405286 1 1 1.001201 1.0004 1.001201 0.9967961 0.6402243 0.911245 1.00321 1 1.003434 0.8860954 1.0004 0.8996789 0.2523028
-9999 -9999 -9999 -9999 -9999 -9999 -9999 -9999 -9999 -9999 -9999 -9999 -9999 -9999 -9999 -9999 -9999 -9999 -9999 -9999 -9999 -9999 -9999 -9999 -9999 -9999 0.9406099 1 1 1.001201 1 0.997921 0.9814516 1 1.004016 1 1.001201 1.000801 1.001201 1.0004 1.004823 1.006036 1.002004 0.9344 0.7504 0.5538215 0.466 0.4651721 0.9166667 1.001201 1.003613 0.1153537 0.0448718 0 0 0.917974 1.0004 1.0004 1.0004 1.001201 0.967496 0.6712109 0.8073985 1.002004 1.002479 0.9988039 1 0.8706965 0.645032 0.05246296
-9999 -9999 -9999 -9999 -9999 -9999 -9999 -9999 -9999 -9999 -9999 -9999 -9999 -9999 -9999 -9999 -9999 -9999 -9999 -9999 -9999 -9999 -9999 -9999 -9999 0.7861736 0.4079264 0.7769323 0.8457532 1.00321 0.9944 1 0.76 1.002808 1.0004 1 1.035626 1.002808 1.001201 1 1 1.004419 0.4955788 0.001206273 0 0 0 0 0.5396 0.8891566 0.7484958 0.000400962 0 0 0 0.6739219 1.002406 1.004016 1.001201 0.9987962 0.9132 1.000805 0.5768615 0.7644231 0.8127251 1.001335 0.9982862 0.9807322 0.2905983 0.3905044
-9999 -9999 -9999 -9999 -9999 -9999 -9999 -9999 -9999 -9999 -9999 -9999 -9999 -9999 -9999 -9999 -9999 -9999 -9999 -9999 -9999 -9999 -9999 -9999 -9999 0.996791 0.1614583 0.0464 0.7425941 0.9971955 0.9848 0.9370542 0.9831933 1.006441 1.003613 1.004016 1.18991 1.002406 1.0004 1.001201 1 1.002004 0.7097551 0 0 0 0 0.006004804 0.6474128 0.8613226 0.7875252 0.4324649 0.0548 0 0 0.4051344 1.00321 1.014199 1.005227 0.6593274 0.9442886 1.001201 0.9322917 1.002004 1.000401 0.9447779 1.000804 1.000518 0.8524871 0.4909624
-9999 -9999 -9999 -9999 -9999 -9999 -9999 -9999 0 -9999 -9999 -9999 -9999 -9999 -9999 -9999 -9999 -9999 -9999 -9999 -9999 -9999 -9999 -9999 -9999 1.005227 0.6075593 0.3427192 0.9085072 0.9855827 0.7582418 0.8360589 1.003613 1.002004 1.003613 1.001201 1 1 1 1.002015 1.000804 1 0.8872 0 0 0 0.130016 0.6803213 0.9988 0.8883553 1.000801 1 0.7176 0.5321027 0.4212786 0.249775 1.017501 1.033912 0.7095869 0.7286915 1 1.000801 1.001201 1 1 0.9835342 0.9205645 0.9983962 0.9488 0.9988
-9999 -9999 -9999 -9999 -9999 -9999 -9999 -9999 0 0 -9999 -9999 -9999 -9999 -9999 -9999 -9999 -9999 -9999 -9999 -9999 -9999 -9999 -9999 0.6566386 0.9911326 1.002004 0.8660249 0.09047238 0.4057623 0.5183394 0.8546056 1.00321 1.004016 1.000801 1.004419 1.002406 1 1.001603 1.000403 1.002406 1 0.7817381 0 0 0.3108974 0.927484 0.9851584 0.9238782 0.7518101 0.9923356 0.9779559 0.99 0.9278846 0.3145228 0.1932147 0.5290894 0.9242851 0.3141026 1.005227 1.001603 1.001201 1.002004 1 0.74169 0.570626 0.6211878 0.7689211 0.5286344 0.999199
-9999 -9999 -9999 -9999 -9999 -9999 -9999 0 0 0 -9999 -9999 -9999 -9999 -9999 -9999 -9999 -9999 -9999 -9999 -9999 -9999 -9999 -9999 0.9751304 0.9851881 0.9855769 0.9975971 0.5558223 0.3759007 0.9531703 0.9687875 1.006441 1.002406 1.005227 1.004016 1.006036 1 1.002004 1.00121 0.989992 0.929944 0.1041249 0.01042084 0.4243765 0.9843625 1.005632 1.010918 1.017915 1.011736 1.023332 0.9927067 0.8564457 0.3438767 0 0 0.004014452 0.2642342 0.022115 0.8625954 1.002808 1.001201 1.000801 0.8563426 0.3331994 0.4493797 0.9879808 1.038558 0.8269464 0.9883674
-9999 -9999 -9999 -9999 -9999 -9999 -9999 0 -9999 0 0 0 -9999 -9999 -9999 -9999 -9999 -9999 -9999 -9999 -9999 -9999 -9999 -9999 1 1.000801 0.7561073 0.7050821 0.8643457 0.8245685 0.2851852 0.9407763 0.7955912 1.002808 1.000801 1.003613 1.004419 1.000801 1 0.98833 0.9943888 1 0.544171 0.5521002 0.9652 0.9672 1.000801 1.002808 1.000801 1 1.006847 0.9855769 1.176 0.9379425 0.6198713 0 0 0 0.459217 0.9975942 1.004016 0.5475997 0.4972 0.3797519 0.59286 0.664257 0.4406916 0.8908 1.009693 0.9995984
-9999 -9999 -9999 -9999 -9999 -9999 -9999 -9999 -9999 0 0 0 -9999 -9999 -9999 -9999 -9999 -9999 -9999 -9999 -9999 -9999 -9999 -9999 1.002808 1.001201 0.5156 0.5469126 1.001201 1 0.8311421 0.5968713 0.3358779 1.00321 1.006847 1.003613 1.001603 0.9983845 0.8512097 1.002815 1.002406 1 0.3092158 0.03963171 0.3016 0.3052547 0.7931864 1.004419 1.001201 0.9939856 0.6503835 0.7503386 1.013003 0.9899679 0.9200323 0.518815 0.1098637 0 0.1386656 1.005227 1.001201 0.6608801 0.409658 0.5312123 0.1576414 0.06270358 0.8362035 0.9487385 1.0004 1.012556
-9999 -9999 -9999 -9999 -9999 -9999 -9999 -9999 -9999 0 0 0 -9999 -9999 -9999 -9999 -9999 -9999 -9999 -9999 -9999 -9999 -9999 -9999 0.9794934 1.008878 0.9567308 0.9159664 0.9812 1 0.5574855 0.03089888 0.6666667 1 1.008471 1.0004 0.6957929 0.9626206 0.9663596 1.002004 1.000801 1.000407 0.2980692 0.4131833 0.3270617 0.8342674 1.002004 0.9988 0.8434364 0.4278226 0 0 0.2598079 0.8388 0.9822366 0.9786463 0.5449778 0 0 0.3626506 0.9265355 1.0004 0.812728 0.7405925 0.5422169 0.1836079 1 0.9743897 0.9783913 1.005227
-9999 -9999 -9999 -9999 -9999 -9999 -9999 -9999 0 0 0 0 0 -9999 -9999 -9999 -9999 -9999 -9999 -9999 -9999 -9999 -9999 0 0.6896552 0.9991938 1.001201 1.005632 0.9759519 1 0.8523154 0.3707415 0.4213075 0.8606328 0.9943707 0.5188947 0.5495169 0.9972 1.000801 1.006441 1 1 1.003619 1 0.264529 0.2028056 0.8384491 0.7223558 0.7261761 0.3112981 0.3012435 0.02981467 0 0.1225962 0.9587505 0.9238579 0.8301811 0.6248497 0.3013205 0.081428 0.9368463 1.002406 0.8816 0.9582497 0.937575 0.2659447 0.9988 0.4336 0.964 0.612055
-9999 -9999 -9999 -9999 -9999 -9999 -9999 0 0 0.5896 0.1788 0 0 0.05746141 0.4304 0.7407407 -9999 -9999 -9999 -9999 -9999 0 0 0 0.06744868 0.4096192 1.001201 0.9592249 0.7835341 0.973462 0.9345948 0.800404 0.05330661 0.9329587 0.7783609 0.5290581 1.002808 1.000801 1.002808 1 0.9734042 1 1.001603 1 0.7246493 0.974359 1.002808 1.000801 0.8412825 0.6828 0.8832732 0.005613472 0.0476 0.8318548 0.9859832 0.1650485 0.1034898 0.6287545 0.8036933 0.5656525 0.9000803 0.9947959 0.9911965 1.001603 1.002406 0.9317269 1.002407 0.928 0.8957747 0.9794769
-9999 -9999 -9999 -9999 -9999 -9999 0 0 0.0203827 0.9584 0.1665332 0 -9999 0.5558621 0.4348 0.5686992 -9999 -9999 -9999 -9999 -9999 0 0 0 0.04545455 0.5350211 0.3418941 0.9514641 1 1 1 0.5279735 0.6720064 0.800965 0.4844695 0.9361189 0.9831731 1.002406 1.00321 0.9008828 0.512275 0.9907445 0.9604 0.3934295 0.7356 0.7807615 0.9739375 0.7744 0.1690705 0 0.02983871 0.01044596 0.8196188 0.8991597 0.2680289 0 0.6614521 0.8813152 0.5572059 1.01175 0.8200401 0.6946565 1.002004 1.002406 1.0004 1.001201 1 0.7433947 1.002007 1
-9999 -9999 -9999 -9999 -9999 -9999 0 0.355279 0.8327948 0.9443778 0.5624619 -9999 -9999 0.06886227 0.5785831 0.3578649 0 -9999 -9999 -9999 0 0 0 0 0.4542462 0.7536116 0.9129912 1.002406 1.006441 1 1.002004 1.00041 1.001629 0.9872 0.7415323 0.786688 0.9813008 0.978013 0.9788 0.9983974 0.9524969 0.9682986 0.9992 0.5732 0.06460674 0.02844551 0.9879952 0.1117341 0.6031409 0.4748054 0 0.2968 0.6801441 0.1248 0.8334668 0.3629808 0.9097502 1.002408 0.4817342 0.8228204 0.9739687 0.6607717 1.001603 1 1 1.002808 1.002406 0.2848 0.8763011 1
