inst/extdata/EV_continuous/prtilany.asc
ncols         158
nrows         201
xllcorner     249000
yllcorner     6531500
cellsize      500
NODATA_value  -9999
[rows 93 to 123 of 201, columns 70 to 139 of 158]
0.6797595 0.3959167 0 0 0.4171337 0.9548 0.2331731 0.04375753 0.3810101 0.4253104 0.7346693 1.000801 1.000405 0.245593 0.6947581 0.424475 0.6301041 0.2706165 0.0908 0.2938103 0.9527243 0.8085986 0.836 0.9791332 0.876156 0.2456845 0.9944 0.9835671 0.9763905 0.90501 0.8246406 0.9444216 0.999583 0.9844013 0.6037344 0.4801353 0.1164623 0 0.4521668 0.6853119 0 0 0.008143322 0.8300951 0.6535497 0.3131396 0.08273093 0.2706122 0.748996 1.004019 0.8410277 1.001603 1 1.002564 0.9976852 0.03931007 0.04249292 0.2571085 0.6992481 1.002808 1.12421 0.2397611 0 0 0 0 0 0 -9999 -9999
0.9708 0.4259408 0 0.3405449 0.237751 0.1124 0.118 0.135323 0.5070536 1 1.0004 1.002004 0.9884 0.2596 0.47 0.1224 0.6594378 0.3314652 0.4067254 0.8323281 0.9788 1 1.00321 1.005227 1.006847 0.8147106 0.9892 0.9875901 0.7526063 0.0028 0.5135903 0.9995997 0.9774648 1.004437 0.1088 0 0 0 0.3579291 0.6835749 0.07174349 0 0.1057692 0.3531108 0.1657841 0.1597111 0.81 0.9034281 0.5633013 0.2574503 0.2741483 0.954 1 1 0.8785047 0 0.6687961 0.9899759 0.1502404 1 0.9891304 0.798722 0 0 0 0 0 0 -9999 -9999
0.9892 0.6138455 0.2056937 0.9619696 0.2319838 0 0.2855422 0.03000811 0.5183987 1 1 1.004016 0.9884 0.6705365 0.5892714 0.5104083 0.3289263 0.2352941 0.5816286 0.88332 0.4245698 0.83867 0.9899356 0.9044 0.8252505 0.9031351 0.6028881 0.8485577 0.9651861 0.8744988 0.9012146 0.7816 0.992 1.000801 0.4903923 0 0 0 0.2594728 0.8865979 0.4736418 0 0 0 0.6627803 1.004018 0.8195338 0.8440882 1.001201 0.998341 0.7803121 1.0004 1 1 1.0069 0.9639279 0.9052925 0.9737675 0.473262 0.8076372 0.2308632 0.5645735 0 0 0.09060682 0.5234657 0.0928 0 0 -9999
0.8890669 0.2943775 0.6407378 1.002004 0.2828445 0 0.4829407 0 0.04008016 0.7616186 1 0.9935898 0.644489 0.6172131 0.1363819 0.5822632 0.4896 0.7995968 0.7836751 0.9199039 0.4242547 0.2867558 0.3719439 0 0.1504212 0.9483173 0.6806452 1.000801 0.7396 0.5368295 0.6698226 0.2481042 0.46 0.6780273 0.6669342 0 0 0 0.5636291 0.6334186 0.06742151 0 0 0.1508567 0.7966585 1.014199 1.002808 1.002406 1.074807 1 0.9566517 0.9330922 1 1 1.006902 0.9975933 0.02326969 0.8504307 0.8894676 0.9641368 0.4445467 0.09828571 0 0 0.1343042 0.1845556 0 0 0.0228 -9999
0.5834001 0 0.0728 0.8328 0.9812 0.2550201 0.5789688 0 0 0.07091346 0.8677884 0.9867842 0.3218575 0.2301918 0.4596223 0.6138455 0.8568 1.004016 0.9786118 1.001204 0.9300529 0.7863489 0.5316253 0.2847417 0.3924 0.8758013 0.789601 0.9995997 1.002004 1.004823 0.8517771 0.1913183 0 0.01646586 0.7274939 0.04927884 0 0 0.6044926 0.9432356 0 0 0 0.6371 1.008065 1.001201 1 1.002004 1.040799 0.9995998 0.9528644 0 0 0.5882353 0.8663793 0.9475371 0.1454472 0.9783913 0.9851403 0.9381092 0.8487395 0.9628 0.5882353 0 0 0 0 0.0532 0.7168 0.5532
0.531676 0.3754513 0.8918703 1.002004 0.9242485 0.192554 0.2301491 0.1496599 0 0 0.181891 0.522352 0.5422169 0.5757819 0.6293035 0.8886664 1 1.086484 0.9988 0.9481908 0.9134785 0.9636 0.4051241 0.9154648 1 0.7563025 0.07139992 0.5436 1 1.004016 1.004016 0.7403846 0.3415125 0.5919773 0.1619662 0.12717 0 0 0.2758206 0.7820946 0.01919065 0.001221001 0.06846557 0.8861887 0.9867629 0.993551 0.9863837 0.9835803 0.9831798 0.9429005 1 0 0 0.8189209 1.006036 0.9112 0.06516492 0.738 1.001228 0.3140351 0.09132232 0.7644462 0.9718919 0.0931677 0 0.08229426 0.4586677 0.8956242 1.017501 0.8877136
0.4815409 0.9911894 0.9595677 0.598157 0.3757503 0.2177616 0.4800161 0.1999199 0 0 0 0.1000402 0.4904 0.07652244 0.00040404 0.6483119 1.002406 1.006441 1.000801 0.9596434 0.7647059 0.8066854 1.002406 0.6120196 0.9090909 0.7043269 0.2767068 0.4616 1.156337 0.9823718 0.8842611 0.6603925 0.6737475 0.6409423 0.1052418 0 0 0 0 0.126409 0.4464 0.6623207 0.9117409 1.056189 1.093613 1.072041 1 1 1 0.9647577 0.7578948 0 0 0.9985359 1.000801 0.4183629 0.0319063 0.4407526 1.01626 0.3852 0.4541082 1.001201 1.0004 1 0.1191406 0.6958826 1.008065 1.002406 1.002004 0.691129
0.3983968 0.5821314 0.3788546 0.4209677 0.372501 0.5428222 0.9382317 0.3154524 0.01362179 0 0 0 0 0 0 0.7467846 0.9537224 0.8554168 1 0.8721927 0.9772727 0.9098117 1.000484 0.2638087 0.9067627 0.4767814 0.4144869 0.978322 0.9835935 0.7828181 0.3480353 1.002406 0.2338028 0.6194299 0.9119903 0.5814607 0.8050848 0.05713128 0 0.4943182 0.8254414 0.09221467 0.9014778 1.0004 1 1.002004 1.009285 1.006036 1.016264 0.9805687 0.5033557 1 1 1.000714 0.709769 0 0 0.2930064 1.007658 0.6727679 0.9595092 1.003613 0.9429756 1 0.9990851 0.3054124 0.8970289 0.6532 0.2572 0.0264
0 0.04008016 0.002807862 0.8407332 0.9975942 1 1.001201 0.869948 0.001200961 0 0 0.4021609 0 0 0 0.5192926 0.3160643 0.1620968 0.9687375 0.9208 0.6136364 0.9991453 1.001255 0.5869654 0.9586346 0.1412 0.5542651 1.000801 0.8356054 0.9159328 0.1028226 0.692 0.5534846 0.4364952 0.3102482 0.4147446 0.8649087 0.3472617 0.3505609 0.8005618 0.6237942 0.1210164 0.5559896 1.000801 1.006036 1.0004 1.020825 1.04297 1.004113 0.7444146 0.4392034 1 0.9821429 0.9982418 0.927163 0.02018571 0 0.3577465 0.9918732 1.00041 1 1.002406 1 0.999003 0.9990503 0.25 0.001514387 0 0.6064982 0.9266239
0.1061699 0 0 0.4938675 0.61002 0.7196787 1.004823 0.5156125 0 0 0.1976 0.9419768 0.0084 0 0.09280836 0.07094188 0 0.2817635 0.9758843 0.6124 0.0104 0.3069767 0.3871234 0.7050302 0.1559226 0.2978723 0.9111379 0.8954802 0.09269663 0.578125 0.5877404 0.02351987 0.801045 0.5671762 0.2216868 0.001492537 0.381586 0.2911704 0.04765719 0.3956661 0.2429404 0.1361805 0.3258427 1.001228 1 1.08038 1.002004 0.7656522 1.026549 0.5662139 0.7197232 1 1 0.9867736 0.9919646 0.5633631 0.2079327 0.8976 0.4257109 0.9995998 1 1 1 1.001201 0.9989832 0 0.04562737 0.5959849 1.005229 0.7882684
0.9498596 0.0416 0.237151 0.6370672 0.5666267 0.3824 0.31 0.02928199 0 0.02403846 0.03815261 0.4068136 0 0 0.3736484 0.7143431 0.3720465 0.8233173 0.3176518 0.00280112 0 0.163803 0.2664214 0.8703482 0.5596 0.0568939 0.5631857 0.6921844 0.3599355 0.3642198 0.9703407 0.1249496 0.245593 0.8378488 0.5077048 0 0 0.9379679 0.5688 0.04719645 0 0.213472 0 0.695632 1.050862 1.056636 1.002004 0.988764 1.007021 0.9710212 0.3949377 1 1 0.9791499 1.008878 0.9236172 0 0.0636 0.1274388 1.00289 1.028383 1.061121 1.001603 1 1 0.9806764 0.9465649 0.8517699 0.2580257 0.000401929
0.5128928 0.04049587 0.1176471 0.8960603 0.6561249 0.8562275 0 0.003201281 0.5289389 0.4924 0.2041717 0.3166533 0.009214744 0.5524 0.8586304 0.5388933 0.5401284 0.03892456 0 0.2425101 0.7617124 0.840836 0.3675373 0.4117883 0.8918703 0.6752102 0.3867055 0.8293667 0.8942501 0.4443552 0.7712681 0.6672038 0 0.7951435 0.7480699 0.1734317 0 0.05284553 0.9888579 0.8595552 0.5090071 0.8894269 0.2718496 0.0568487 1.006858 1 1.0004 1 1 1.008065 0.5014096 0.4070654 0.5466601 0.9983948 1.004016 1.003713 0.462652 0.06032986 0.6984957 1.003103 1.052632 1.056189 1.006036 1.003613 1.001255 0.9990099 0 0 0 0
0.3802906 0.01327434 0 0.02841226 0.9463087 0.9591182 0.006816359 0.3894056 0.9879615 0.4464501 0.7512019 0.01846648 0 0.3591804 0.02402884 0 0 0.331862 0.4608 0.8081914 0.5122244 0.1579791 0.1719566 0.4798549 0.8444266 0.8587435 0.6873239 0.7773312 1.001603 0.8125751 0.3537717 0.9407289 0.5098499 0.1752205 0.9030634 0.5814906 0.00720865 0 0.09234508 0.9129618 0.9849199 1.01626 0.1777778 0.01684042 0.7611222 1.001603 1.000801 0.6611964 0.9767349 1.001603 0.998775 0.3330661 0.433458 1.00321 1.00321 1.006847 1 0.9342499 1.000535 1.007601 1.06792 1.129688 1.241311 1.00321 1.000511 1.002806 0.8 0 0 0
0.4454728 0.002401922 0 0.1111111 0.9502026 0.9842106 0.2520718 0.9208133 1 0.9005613 0.47915 0 0 0 0 0 0.2798717 0.9867629 0.4193808 0.1601766 0.1967147 0.1714057 0.4192385 0.6661231 1.001603 1.006847 1.002408 0.4055466 0.7637165 1.004016 0.6164659 0.4788902 1.017155 0.1158833 0.3799213 0.4614043 0.2031455 0 0.004215852 0.7365854 0.3211462 0.4208199 0.1506849 0.3873325 0.4065758 0.5160217 0.9824275 0.9873016 0.9903537 0.2619143 0.6420798 0.9211618 0.7818507 0.9867203 1.0004 1.002004 1.01626 1.002945 1.401252 1.008223 1.026273 1.331901 1.267748 1 1 1 1 0 0 0
0.0164 0 0 0 0.9941489 1 0 0.8731665 0.8430744 0.4624 0.0328 0 0 0 0 0.0224 0.9170008 0.729643 0.3045746 0.07683073 0.6212 0.6 0.3742994 0.9423935 1.000814 1.003613 1 0.2118167 0.05446536 0.9326069 0.3693478 0.4803371 0.5136589 0.6431736 0.005905512 0.6478335 0.01858254 0 0 0.01042701 0.1484861 0.3022481 0 0.1674419 0.2322371 0.6382267 0.2058288 0.406384 0.4181086 0.6805164 0.4332261 0.6948743 0.869635 0.9099717 1.000801 1.001603 1.006441 1.001603 1.004016 0.4681107 0.0896 0.01843687 0.2312 0.285657 0.2581864 0.4682081 1 0 0 0
0 0 0 0 0.7031662 0.1720733 0 0.8366902 0.2132265 0 0 0 0 0.1896062 0.7185749 0.7296 0.7130785 0.5328734 0.3677169 0.8694956 0.3028 0.5413322 0.1608504 0.9734833 0.8096209 0.9045247 1.007252 0.875502 0.6796467 0.8785571 0.4344229 0.3441767 0.05651303 0.7161172 0.266611 0.2511084 0.3995305 0 0 0.2448898 0.04554264 0 0.1491512 0.4793187 0.478 0.4288013 0.6167737 0.491193 0.469976 0.2667469 0.9077787 1 1 0.5171867 1.00321 1.006847 1 0.7693965 0.7501003 0.7451224 0.6048 0.1992783 0.1684257 0 0 0 1 0.9439253 1 0
0 0 1 0.1817759 0 0 0 0.2792154 0.1142622 0 0 0 0 0 0.508427 1.000405 0.32236 0.1568391 0.7769293 0.6841683 0.5105093 0.2720706 0.2874348 0.5570685 0.6669351 0.6351897 0.9995956 1.004419 0.9808 0.9952 0.6436042 0.1719439 0.1550481 0.004662993 0.5988791 0.003651116 0.5427632 0.05375303 0 0.6224176 0.2343234 0.07304669 0.3720643 0.8550239 1.0009 1.000801 1.001603 1 1 0.9795755 1.003172 0.9978118 1 0.1576492 0.1555466 0.1145374 0.02443281 0.002814636 0 0.2864 1.003613 0.337631 0 0 0 0 0.475621 1 0 0
0 0.05769231 0.9979138 0.6766707 0 0 0 0 0 0 0 0 0 0 0.1345076 0.4456887 0.30796 0.4423077 0.8610442 0.4206451 0.2251195 0.8922953 1.002004 0.9823506 0.7806841 0.2622222 0.5873926 1.003613 1.000401 0.8784109 0.5980707 0.1106557 0 0 0.2314103 0.2156704 0.05351748 0.6936719 0.08843967 0.9186888 0.5132855 0.9113597 0.9574558 0.9352306 1 1.027961 1.001201 1.006441 1 0.9883953 0.8701215 1 0.5648148 0.1869489 0.05522209 0 0 0 0 0.4549459 1.006036 0.6382377 0 0 0 0 0.531401 1.007303 1 0
0 0 0.6178207 0.7784 0 0 0 0 0 0 0 0 0.1615878 0.4284569 0.2671205 0.4440367 0.1329573 0.8085107 0.1361089 0.001401869 0.1841155 1.001606 1.000801 1.004419 0.973462 0.4984802 0.6325544 1.00375 0.7634235 0.05685484 0 0 0 0 0.002263468 0.2398589 0 0.2116489 0.008097166 0.5613189 1.11196 0.8380604 0.7066945 0.9772329 1.002406 1.004823 1.004419 1.004016 1 1.004419 0.9874888 1 0 0.7634764 0.9702333 0.7527097 0.1011236 0 0.07972756 1.000844 1.075269 0.9834678 0.1240277 0 0 0 0.7625208 1.102344 1 0
0 0 0.6892 0.9428 0.0388 0 0.4539263 0.007606085 0 0 0 0 0.4520085 0.67 0 0.03325223 0.2214473 0.1997593 0 0 0.6176941 1.00321 1.001603 1.002004 0.9651303 0.9911788 0.9258344 1.004917 0.5328218 0 0 0 0 0.007783695 0.2354826 0.2997118 0.2331576 0.1405124 0 0.04552912 1.015683 1.058425 1.179802 1.021659 1.179802 1.001603 1.004419 1.005632 1.001603 1.004419 0.9803134 0.9796659 0 0.3234421 0.2895054 0.57321 0.005235602 0.004019293 0.6784851 1.014199 1.155802 1.070319 0.6139203 0 0 0 1.015371 1.009675 0.9704301 0
0.04491018 0.2048917 0.9215058 0.7831132 0.00160064 0.4329317 0.8177439 0.001247401 0.08044164 0 0 0 0.312035 0.4583851 0 0 0.5651812 0.4269708 0 0 0.7162325 0.7996762 0.986 1.005227 0.9364185 1 0.3802705 1 0.889182 0.0624 0 0 0.211847 0.8263682 0.7307221 0.6259652 0.1319168 0.2456354 0 0.3145615 1.070205 1.031353 1.074345 1.085541 1.128668 1.021659 1.003613 1.005227 1.002004 1.002808 1.005227 0.9804857 1 0.2900404 0.7309543 0.2607129 0.4879808 0.6705411 1.010101 1.02501 1.009285 1.113992 0.8191704 0 0.01690821 0.4553244 1.254173 1.256313 1 0
0.8865175 0.8567415 0.8303859 0.1901125 0.02411576 0.3977546 0.3281313 0.3196687 0.2686957 0 0 0.4480546 0.8523275 1.076814 0.3094025 0 0.6379727 0.9291149 0.078 0 0.5262735 0.3057785 0.6635129 1.001603 1.006036 0.9635417 1.001705 0.9741024 0.2109067 0.3426875 0.03338697 0 0.08597481 0.1344455 0.3841513 0.6159155 0.7059891 0.09925094 0.2046349 0.5134484 1.015435 1.067008 1.144165 1.108156 1.149425 1.071123 1.007658 0.9711307 0.8087235 0.982 0.9855711 1.001234 1 0.2797619 0.8822116 0.9743487 0.7732 1.039933 1.006441 1.010918 1.006036 0.9434344 0.2871486 0 0.006428284 0.3187299 0.8382892 1.002458 1 1
0.9114938 0.993971 0.5008026 0.06586345 0 0 0.3661464 0.6078588 0 0 0 0.01842211 0.5208836 0.794 0.9564565 0.04627682 0.8923395 1.672241 0.5636 0.08319936 0.5550201 0.5046018 0.1649194 0.9987942 1.000801 0.8997594 0.9763905 0.90127 0.3478958 0.115993 0.318328 0.4684575 0.5118047 0.004477004 0.02991107 0.5196 0.7258905 0.06666667 0.2669903 0.6858871 1.043841 1.032205 1.036484 1.083658 1.102187 0.8222967 0.7128794 0.7928542 0.8938301 0.5114046 0.9256092 0.9936102 1 0 0.501609 0.3935872 0.5181451 1 1.010101 1.008065 1.02459 0.7350221 0.06487785 0 0.002403846 0.550341 0.9826795 1.001701 1 1
0.4869948 0.7998396 0.2136272 0 0 0.113438 0.6860232 0.06863141 0.004061738 0.1572712 0 0.2333198 0.99 0.3792 0.458613 0.5943662 0.2853141 0.6370336 0.649335 0.9491878 0.9488866 0.7170869 0.1242485 1.003631 1.0004 1.002808 0.9673519 1.000529 0.7396134 0.4300685 0.8317073 0.6780273 0.5452724 0.1511862 0 0.365353 0.8579432 0.3305853 0.2375 0.8408521 1.045588 1.013636 0.8423729 0.5766844 0.4968527 0.9956878 1.057977 1.008878 1.0004 0.9873159 0.9667129 1 0 0.1826625 0.1463023 0.02085004 0.6603239 0.8832 0.9770808 1.008065 1.005632 1.000801 0.7236525 0.4527244 0.815052 1.129672 1.066608 0.9773881 1 1
0.3760512 0.478766 0.03484181 0 0 0.02139685 0 0 0.588613 0.5812 0.3102852 0.5278794 0.9255404 0.9591093 0.9493517 1.00321 0.4314904 0 0 0.4371555 0.9562082 0.463141 0.3948 1.002588 0.9473237 1.001201 0.8040947 0.8329071 1.003215 1.0004 1 0.9755805 0.3251509 0 0 0.7875289 0.5609952 0.4139871 0.08843537 0.8453751 0.4793046 0.6521099 0.7156863 1.053359 1.044277 1.18991 1.077586 1.002808 1.113687 0.834267 0.9889558 0.9969357 1 0.9240302 0.7103781 0.4185382 0.8834677 0.2613045 0.9537781 0.9823506 0.9791917 0.9839615 1.002004 1.002004 1 1.02417 1.013788 1.002415 1 1
1.004829 0.5708 0.2516976 0.5 0 0.458568 0 0.4875602 1.02501 0.9210867 0.6481185 0.5603206 0.4989956 0.9978232 0.986 1.002808 0.9936 0.1714744 0.1336 0.9800413 1.001129 0.188 0.2737643 0.06909431 0.137678 0.9409639 0.9623246 0.7545767 0.9931064 1.002005 0.7645286 0.5110397 0.09571486 0.352 0.3358809 0.3186373 0.3889341 0.3320053 0.1389803 0.4223124 0.8135899 1.32626 1.205982 1.071582 1.003613 1.004016 1 1.002808 1.000801 0.9871227 1.001203 1.000801 1 0.9356688 1.004016 0.7380282 0.3011661 0.4597517 0.9992 0.9987976 0.3865006 0.3110664 0.9403762 1 1.10424 1.002406 1.00321 1.001201 1 1.000618
0.772325 0.4228 0 0 0 0.1411953 0.49509 1.089839 1.310273 1.001603 0.3622779 0.1068 0.3676 0.6380146 0.9852 1.001603 0.9498998 0.02521008 0.7544 0.9917864 1.002762 0.4521104 0 0 0 0.2172869 0.710209 0.03581489 0.3015682 0.2889957 0.2804495 0.001606426 0 0.1903421 0.4445793 0.8731942 1.049538 0.9979839 0.5605381 0.04436304 0.3622322 1.102401 1.009693 1.339047 1.012146 1.008065 1.000801 1.012966 1.004419 0.9855827 1.0004 1 0.9940898 0.7458364 0.8077325 0.7149193 0.8612229 0.3342685 1 0.5681636 0 0 0.8325301 0.6466063 1.006036 1.003613 1.008471 1.000801 1.0004 1.002606
0.9146194 0.8371348 0 0 0.423913 0.9983955 1.005632 1.004823 1.001201 1.007831 0.02248996 0.1805729 0.022 0.4512397 0.9879615 1 0.9242485 0.018 0.4776 1 1.000803 0.9961501 0.1929754 0 0 0.000400962 0.1664661 0 0 0.1633466 0.02379421 0 0.1837904 0.9751304 1.002808 1.000801 0.9034765 0.2948562 0.333887 0.8463176 1.035651 1.009014 1.530925 1.085069 1.003613 1.003613 1 1.003613 1.004016 0.9851167 1.002406 1.002808 1.001722 0.7930763 0.8253095 0.8492382 0.819166 0.5768 0.7756 0.0112 0 0 0.01857085 0.7796374 1.010509 1.004419 1.013377 1.004419 1 1.001609
0.4453782 0.7536058 0.005638341 0.02853698 0.9287145 0.984 1.000802 1.004419 1.003613 0.4789272 0.2309562 0.4268 0 0.4379906 1.009016 1.027538 1.0004 0.306 0.01121346 0.8329015 1.022495 1.059322 0.8893344 0.06332665 0.009203681 0.119325 0.7719088 0.3672 0.5942519 0.5568322 0 0.0172 0.8866104 1.016673 0.9640549 0.5695793 0.3170732 0.8066116 1.0004 1.072961 1.01626 1.006036 1.062925 1.007252 1.027116 1.032631 1.030928 1.002808 1.001603 1.004443 0.9943548 1.001201 1.000463 0.4621644 0.5477346 0.9090909 0.9462279 0.5891784 0.149416 0 0 0 0 0.6117021 1.002406 1.003613 1.002004 1.002406 1.004419 1
0.7822258 0.971463 0.2417538 0.6496 0.979992 0.882 0.9867842 1.0004 0.8832528 0.02412545 0.8112981 0.6622649 0 0.956569 0.9911718 1.005632 1.000801 0.2448 0.346988 1.012966 1.02459 1.00321 1.048218 0.3788122 0.3988487 0.9064257 1 1 0.8878654 0.6092874 0.2724975 0.6571887 1 1.003613 0.7914634 0.8391666 1.001603 1 1.004823 1.05042 1.019992 1.01833 1.036484 1.166589 1.053963 1.0004 1.241928 1.070664 1.027116 1.059322 1.023026 1.003268 0.9869134 0.4390244 0.4118343 0.9795591 0.978 0.9212535 0.5329847 0.577493 0.6188 0.7853991 0.4769724 0.02923508 0.7258843 1 1.00321 1.002004 1.006444 0.5489559
0.05170341 0.209321 0.7425703 1 0.714866 0.6064257 0.8595573 0.4253012 0.5106298 0.2651182 1.001201 0.4112225 0.4264529 0.1856061 0.9895958 1.270325 0.9988 0.5144 0.8990384 1.002004 1 1.192179 1.806358 0.3443018 0.6537998 0.998 1 1.002406 0.5644642 0.487429 0.9188144 1.004419 1.002004 1.0004 1.001603 1.020408 1.014199 1.035197 1 1.006441 1.012556 1.038637 1.008878 1.81686 2.228164 1.23885 1.008471 1.001603 1.004016 1.001603 1 1.02459 0.9911504 1.005236 0.802166 0.204 0.1637966 0.8382059 0.9878837 1.000803 1 0.9045327 0.7880981 0.4353224 0 0.2384 0.9663596 0.9817128 -9999 -9999
