inst/extdata/EV_continuous/prtilany.asc
ncols         158
nrows         201
xllcorner     249000
yllcorner     6531500
cellsize      500
NODATA_value  -9999
[rows 31 to 61 of 201, columns 70 to 139 of 158]
0.9616597 0.9983936 0.9513078 0.6697469 0.72509 0.9795918 0.8016 0.9262229 1.005227 1.00321 0.9825416 1.002813 1.003613 1.006441 1.001603 1.001603 0.7499 0.359375 0.4790026 1.00321 1.001201 0.9951962 0.8506441 0.03969527 0.1934426 0.4775461 0.9584845 0.9650322 0.9726798 1.003625 0.7916667 0.6351622 1 0.717487 0.3698189 0.9430177 0.5015544 -9999 -9999 -9999 -9999 0.6044 1 0.8220169 0.6997319 1 1.008471 0.9699779 1 0.9917219 0.07025291 0.5784114 0.0128 0.2803368 1 1.001603 1.003613 1 0.9947112 1.807665 0.9959151 0.9057269 0.9948612 1.023332 1.001201 1 1 3.602305 1.241162 0.5238624
1.0004 0.9570971 0.7593411 0.9446894 0.7257806 0.8881764 0.9767535 0.6242983 1.006441 1 1.001627 1.001201 1.002406 0.9991933 0.9719326 0.9096022 0.9967987 0.9455782 0.9863399 1.001603 1.001603 1.004823 0.9690763 0.213253 0.01524516 0.01712189 0.8364805 1.001201 1.000801 1.000801 0.9943955 0.4443555 0.9988 0.4301161 0.6164 0.1636 0.2850261 0.3419857 -9999 -9999 -9999 -9999 0.8431373 0.846 0.4835454 0.935151 0.7882306 0.3019039 0.630531 0.4947875 0.478348 0.2344689 0.242498 0.9891509 1.001603 1.015022 1.010918 1.000801 0.9947197 1.726519 0.8583062 0.1190476 1 1.001201 1.000801 1.0004 1.066551 0.6742392 -9999 -9999
1 0.9879566 1.0004 0.6761523 0.7609131 0.1368547 0.3092659 0.4787149 1.004419 1 0.9995979 1.001217 0.9851406 0.9979952 1.001603 0.7076305 0.4609815 0.9542903 0.9951962 0.8608661 0.9690016 0.9983968 0.9975758 0.8960986 0.5022482 0.4174174 0.628117 0.989992 1.00321 1.001603 1.002004 0.9047813 0.8636937 1.001309 0.1810536 0 0 0.165221 -9999 -9999 -9999 -9999 0.7499 1.002004 0.6397985 0.04812834 0 0 0.05464736 0.0835677 0.9228814 0.342084 0.9799358 1.002004 1.113586 1.002406 1.031779 1.003613 0.9823577 1.031353 0.9482613 0.9947013 1.000407 1.001201 1.002406 0.7395962 -9999 -9999 -9999 -9999
0.9895875 0.9963739 1.001212 0.9815632 1.00321 0.5849057 0.1684296 0.4981935 1.0004 0.996 0.9939492 0.9878739 0.9987829 1.001201 0.9923909 0.7058116 0.448718 1.012556 0.9907779 0.6465135 0.4456914 0.1761637 0.7057407 0.97343 0.9798874 1.003947 0.758772 0.9043792 1.002004 1.009693 1.027961 1.001384 0.3044496 0.2739837 0.3171717 0 0 -9999 -9999 -9999 -9999 -9999 0.5144 1 0.8376 0.4724965 0 0 0.1762576 0.9509327 0.9951358 1.010918 1.108156 1.002004 1.079914 1.147315 1.012556 0.9814964 0.9983981 1.017501 1.002406 1.000288 1 0.7584 -9999 -9999 -9999 -9999 -9999 -9999
0.9879663 1.001201 0.9815261 1.002004 0.9426854 0.2261809 0.6433147 0.6550341 0.9947896 0.8102482 1.00321 1.004419 1.002041 1.002004 0.6131358 0.7512 0.9610598 0.9426854 1.004016 1.000401 0.5891784 0.6335878 0.9142628 0.8763011 0.9775551 0.9684 0.5266567 0.8840754 1.003613 1.002004 1 0.9744732 0.5483701 0.3341478 0.1447683 -9999 -9999 -9999 -9999 -9999 -9999 -9999 0.2740771 1 0.9316 0.4696907 0.2429448 0.42197 0.5784825 0.9823506 1.013387 1 1.006847 1.005227 1.0004 0.7622098 0.9179466 1.015899 1.022913 1.012146 1.061571 0.9367816 -9999 -9999 -9999 -9999 -9999 -9999 -9999 -9999
0.8590873 0.9374499 0.9385542 1.0004 0.8246884 0.9264 1 0.9767721 0.8026688 0.7256318 1.007658 1.005227 1.031552 0.9959904 0.8720417 0.9743075 0.989174 0.7411859 0.6314309 0.3177796 0.7050766 0.6762936 0.9891085 1.002406 1.001603 0.9797898 0.4473145 0.4251401 0.9866989 1.000801 1 0.8785197 0.5148475 0.8905863 0.2487844 -9999 -9999 -9999 -9999 -9999 0.4316 0.8324 0.9715773 1.005227 0.635054 0.4190056 0.447556 0.8492167 0.944645 0.9935949 1.001603 1.000801 1.021659 1.125113 0.9286293 0.5714286 0.998799 1 0.9217182 0.9105625 0.9970414 -9999 -9999 -9999 -9999 -9999 -9999 -9999 -9999 -9999
0.9279135 0.7194389 1.008578 1.002406 1.006847 1.005227 0.9947833 0.895875 0.8698795 1.002004 1.004419 1.006457 0.996322 0.9867736 0.9551282 0.7713709 0.2594075 0.000400481 0 0 0 0.7272363 0.8166131 0.7771543 0.8783132 0.9951239 0.9879116 0.5756605 0.7312775 0.9282852 0.992774 1.002406 1.002406 1.001603 0.5672609 -9999 -9999 -9999 -9999 -9999 0.7277822 0.9603366 1 1.001603 0.8278491 0.9759808 0.9965596 0.9559748 0.9685345 0.9967923 1.007233 0.9136546 0.9826892 1.167782 0.6065712 0.9364185 1.04194 0.7303093 0.08071368 0.3964955 0.09058116 -9999 -9999 -9999 -9999 -9999 -9999 -9999 -9999 -9999
0.7296 0.1156 0.8222578 0.9261934 1.011052 1.011924 0.9875652 1.005227 0.9203362 0.9647295 0.9437525 0.3920386 0.9887776 1.002808 1.001201 0.937198 0.5221417 0.0256 0.06888266 0.2179848 0.2740891 0.5264 0.1022044 0.164197 0.4234632 0.7719442 0.7003777 0.7401639 0.9590032 1.002808 1.000801 1.001201 1 1.004419 0.539791 -9999 -9999 -9999 -9999 0.0733761 0.8391356 1.001611 0.9799358 0.7591329 0.175594 0.8657315 0.948424 0.009569378 0.9913345 0.910915 0.5807327 0.7632424 1 1.001603 1.253133 1.144885 0.1329787 0 0 0 -9999 -9999 -9999 -9999 -9999 -9999 -9999 -9999 -9999 -9999
0.1376 0 0.0504 0.9224277 1.002414 1.00321 1.006036 0.9408689 0.4625302 0.3633079 0.9191029 0.7162921 0.9848 1.004823 1 0.9593725 0.989174 0.4720322 0.8831065 1.000821 1.0589 0.5046018 0 0.1940538 0.3479716 0.9951633 1.001654 0.1241961 0.443859 0.984 1.004419 1.005227 1.015022 1.044714 -9999 -9999 -9999 -9999 -9999 0.3670558 0.9315453 1.000801 1.003215 0.9665592 0.06725735 0.1904762 0.8735494 0.5010556 1.00542 1.001723 0.957583 1.002808 1 1.001201 1.001603 1 0 0 0 -9999 -9999 -9999 -9999 -9999 -9999 -9999 -9999 -9999 -9999 -9999
0.0152 0.0316 0.4069628 0.9943798 0.9766787 0.979175 1.007658 0.4380299 0.4235105 0.9855072 0.6730769 0.7984 0.8004 1.004823 1.002406 0.9666265 0.9944 0.3126253 0.9955841 1.002808 1.001201 0.8104418 0.5378454 0.7102205 0.4246191 0.9283375 1.004928 0.556182 0.1805388 0.6407452 1.00321 1.009285 1.001201 1.09505 0.7741935 -9999 -9999 0.6799197 0.8959003 0.8432238 0.8864 1.001201 1.000801 0.9394304 0.3841537 0.5576 0.2711253 0.02774566 0 1.013793 0.8574979 1.002004 1.0004 1.001201 1.001603 1.004419 0.7881773 0 0 -9999 -9999 -9999 -9999 -9999 -9999 -9999 -9999 -9999 -9999 -9999
0 0.05450902 0.9074149 0.9823647 1.00321 0.9662244 0.9743897 0.5627514 0.6484532 0.6845691 0.628 0.9072 1.002406 1.0004 1.003613 0.97751 0.9988 0.966 0.9859719 1.005632 1.006847 1.002808 1 1.0004 1.006036 0.7333621 1.002004 0.9754922 0.6573147 0.4542523 0.9971831 1 1.000445 1.000844 0.7799311 0.3157428 0.9571489 1.003614 0.2232071 0.2132797 0.7848558 1 1 0.9959968 0.5008032 0.6556982 0.5819706 0.9957447 0 0.7196653 0.6894758 0.7335473 1.001606 1.001201 1.002406 1.004016 0.7987601 0 0 -9999 -9999 -9999 -9999 -9999 -9999 -9999 -9999 -9999 -9999 -9999
0.02843412 0.3604325 1.001603 0.9263285 0.6478366 0.893344 0.9971944 0.9054487 0.9386774 0.636218 0.1894737 0.4729676 0.9672 1 1.003613 1.0004 0.9743384 1.0004 0.9915459 1.00321 1.003613 1.000801 1 1.000801 0.979175 0.8635385 0.9771726 1.014292 0.9996 0.4427941 0.8010514 0.9963782 1.013788 1.002031 1.03434 1.00263 1.02894 1.011736 1.140741 0.9063761 0.2063301 0.9451561 1 1.001201 0.9312701 0.8099878 0.9716616 0.9768563 0 0 0 0 0.3136783 0.4677871 0.4239838 0.2174797 0.03722978 0 0 -9999 -9999 -9999 -9999 -9999 -9999 -9999 -9999 -9999 -9999 -9999
0.2215521 0.5134592 0.7020425 0.4164658 0.2152 0.7017756 0.8954564 0.8928571 0.6221955 0.7117009 0.3671498 0.454145 0.4904 0.8995598 0.9315178 0.986731 0.882919 0.9135654 0.9807615 1.004016 1.005227 1 1.000801 1.0004 0.9787915 0.9404713 1.004823 1.004419 1.0004 1.0004 0.4801762 0.5032494 0.8476848 0.9919775 0.9702811 0.7949139 0.4662431 1.004016 1.124205 0.7530474 0.7446894 0.7710505 0.6397914 0.9354968 0.9696181 0.7345361 0.9442379 0.7779834 0 0 0.05676328 0 0 0 0 0 0 0 -9999 -9999 -9999 -9999 -9999 -9999 -9999 -9999 -9999 -9999 -9999 -9999
0.464958 0.8670405 0.8950343 0.9303823 0.8645291 0.8933012 0.9991952 1.00321 0.7760835 0.9585179 0.9987966 0.9736 0.4024 0.5552 0.9556 0.915363 0.8836 0.5 0.858 0.997996 0.5429263 0.6966292 1.002808 1.002005 0.9483898 1 1 1.001201 1.001603 1 0.4659728 0 0.07651822 0.1389344 0.0044 0.0144449 0.2033159 1.036759 1 0.8527607 0.9715202 1 1.000814 0.9914842 0.9608852 0 0 0.8181818 0 0.3567026 0.2566053 0.2317269 0.1950826 0.1767833 0.01581722 0 0 0 0 -9999 -9999 -9999 -9999 -9999 -9999 -9999 -9999 -9999 -9999 -9999
0.7273456 0.9915764 1.002004 1.000801 1.002406 1.002808 0.9850867 1.006441 1.008065 0.9959432 1.004016 1 0.869948 0.7476972 0.4172 0.2916 0.4068 0.07165732 0.5177134 0.6912295 0.07343499 0.582 0.9779912 0.9677419 1.001658 1.00321 1.000801 1 1 1 0.6983173 0.0505618 0.6184528 0.4608767 0.1236185 0.5199187 0.8285106 1.002808 1 1.002355 1.002026 1 1.001201 1 0.9831486 1 1 0 0 0.9639547 1.002406 1.012966 1.017915 1.016673 0.3654108 0 0 0 0 -9999 -9999 -9999 -9999 -9999 -9999 -9999 -9999 -9999 -9999 -9999
0.9959952 1.003221 1.002004 1.000801 1.002808 1.001201 1.035051 0.9923725 1.00321 0.9899679 1.002406 1 1.004419 0.2616 0.9155324 0.9464 0.4036 0 0.1820728 0.7906977 0.5708535 0.4872 1 0.9550886 0.9963295 1.003613 1.002406 1.014199 1 1 0.978348 0.3596456 0.2711253 0.3630109 0.9782506 1.005227 0.9668412 0.7428572 0.9774137 1 1 0.9416 0.7188 0.526 0.847539 0.5089247 0.09795191 0 0.2440318 0.4160584 0.8980329 0.7892413 0.624774 0.3791974 0.04213135 0 0 0.2113159 0.3848 -9999 -9999 -9999 -9999 -9999 -9999 -9999 -9999 -9999 -9999 -9999
1.002009 1.002406 1.00321 1.001201 1.001603 1.001603 0.9907482 1.031224 1.008117 0.9879952 1.000802 1.002406 0.8755502 0.5219334 0.9946612 0.6992 0.0124 0.002002403 0 0.618 0.7935189 0.3841715 0.9464357 0.8915268 0.9848 1.002808 1.000801 1.005632 1.000801 1.001201 0.8351384 0.7304453 0.4404 0.01536246 0.9815745 1.001603 0.604968 0 0.1389474 0.4784601 0.732896 0.1810897 0.3984 0.3608 0.4608 0.2218662 0.6318431 0 0.7816092 0.3864734 0.2992 0.1494576 0.3813522 0.498587 0.3101908 0.1144628 0.4468 0.9695045 0.7244062 -9999 -9999 -9999 -9999 -9999 -9999 -9999 -9999 -9999 -9999 -9999
0.8362761 1.0004 1.048658 1.000801 1.000801 0.9907926 0.9955912 0.9858928 0.9919061 0.9995948 0.9883628 1.003613 1.001631 0.9687369 0.9844134 0.5775331 0 0.0652 0.0732 0.0604 0.4908159 0.3683333 0.9543022 0.9333875 0.9163298 0.69 0.7555022 0.9270541 1.000402 0.8240032 0.2385909 0.680433 0.5884708 0.5136026 0.0960961 0.5473136 0.4847756 0.07423756 0.004040404 0 0.004001601 0.2663338 0.03558282 0.2459936 0.5456 0.9463571 0.9877099 1 0 0 0.1188475 0.1638554 0.2412686 0.1092333 0.08231954 0.7442977 1.017087 0.8055212 0.1995546 -9999 -9999 -9999 -9999 -9999 -9999 -9999 -9999 -9999 -9999 -9999
0.9169675 0.9919679 1 1.0004 1.002004 0.8128257 1 1.006039 0.9147659 0.9930328 0.9931754 1.000822 1 1 0.9851881 0.5750101 0.03056951 0.09971853 0.0712 0.1735105 0.6598154 0.4195748 0.9759423 0.9676 0.968788 0.4381753 0.4318364 0.8004837 0.8899637 0.4697031 0.5654093 0.5516413 0.6085909 0.4669868 0 0.2743755 0.4709884 0.05110664 0.1102646 0.000801282 0.1288618 1.002406 1.005668 0.8270617 0.4833667 1.001201 0.9887776 1 0 0 0.6732355 0.1489533 0.9931946 0.9210737 0.7173739 0.9830372 0.4401728 0.3415884 0.9011976 0.5552 -9999 -9999 -9999 -9999 -9999 -9999 -9999 -9999 -9999 -9999
1.001496 0.9606426 0.982 0.9875901 0.9967961 0.9759616 1.000801 1.000801 1.004016 0.9356678 1.002469 0.911139 1 1.0004 0.854 0.2566265 0.4757691 0.7879318 0.4718867 0.1685775 0.6490658 0.8400322 1 0.9919936 0.9874035 0.8713071 0.6544864 0.8811525 0.6849315 0.7467898 0.5036497 0.1832733 0.05124099 0.003833253 0 0 0.2060241 0.7333001 0.4192783 0.01081298 0.1696054 0.7347757 0.6204819 0.7134832 0.5779559 1.001201 0.99 1.002593 0 0.6714579 0.4764449 0.4651069 0.9310898 1 0.8758039 0.2664219 0.5192153 0.9953291 0.5366053 0.0328 -9999 -9999 -9999 -9999 -9999 -9999 -9999 -9999 -9999 -9999
0.7526316 0.4134228 0.9492 0.9967781 0.9787405 1.002004 1.001201 1.002406 1.00321 0.9417711 1.001657 1.002815 1 0.8940129 0.6794872 0.7969379 1.005632 0.9701251 0.9514955 0.9522855 1.001211 0.9907742 1.00321 1.0004 0.9848 0.4820637 0.4182186 0.4956 1.002004 0.9911788 0.8197908 0.2721089 0.3341375 0.3296818 0.8836425 0.4237776 0.613239 0.2094513 0.01640656 0.3412 0.4755847 0.6876 0.1075873 0.1591182 0.3245298 0.7158864 0.9832 0.959069 0.3729508 0.8174603 0.753803 0.9711307 0.4652 0.3461384 0.3464 0.5832 0.7145725 0.1898941 0 0 -9999 -9999 -9999 -9999 -9999 -9999 -9999 -9999 -9999 -9999
0.9905815 0.8800316 1.007658 1.002406 0.9795427 0.9855711 1 1.005632 1.003644 0.9609856 1.001643 1.007658 0.9361959 0.9935898 1 0.9775641 1.004419 1.001603 1.004823 0.9895582 0.9863289 0.9852 1.003613 1.001603 0.9772 1 0.6298544 0.9634244 0.9835803 1 0.9815632 0.8777555 0.9522663 0.7987976 0.3170341 0.313982 0.4943156 0.3400728 0.6344 1 0.8188776 0.939211 0.3263413 0.8078176 0.4272 0.9591019 0.9819567 0.595038 0.0651558 1 0.3725939 0.03813729 0.1157389 0.656 0.9967961 0.625 0.0092 0 0 0.03092315 -9999 -9999 -9999 -9999 -9999 -9999 -9999 -9999 -9999 -9999
0.637455 0.6794171 1 1.00321 1.014421 1.003613 0.941907 0.9979847 0.9901921 0.9879166 0.9967846 0.9823788 0.9827378 0.9963942 1 1.0004 1.004016 1 1.007252 0.7394789 1.002406 0.9743897 0.8467709 0.8742491 0.9988 0.9987966 0.9659864 1.002026 0.9935846 0.9911859 0.6748098 0.8013616 0.2993789 0.06672058 0 0.01924619 0.004426559 0.4104265 0.842895 0.9414378 0.5863386 0.0427075 0 0.003225806 0.01521826 0.4937926 0.9618967 0.9147659 1 0 0.619462 0.7806841 0.8927711 0.9083267 0.677121 0.335339 0.4581129 0.004261364 0.0552 0.8307071 -9999 -9999 -9999 -9999 -9999 -9999 -9999 -9999 -9999 -9999
0.83 0.6329622 0.7016435 0.9983942 1.000801 1.000825 0.7617314 0.9796748 0.9792767 0.9850363 0.996782 1.0004 1.003613 0.9859719 1 1 1.003613 1 1.007252 0.7378563 0.7175481 0.47 0.6561249 0.431672 0.7236 0.6200401 0.9638699 1.001201 0.7834268 0.9023705 0.7548077 0.3626902 0.4557823 0.7468762 0.424783 0.8332 0.7136 0.9503205 1.100355 1.032205 0.2888704 0 0.06978621 0.007243461 0.3670427 0.4506927 0.9725146 1.003287 1.000545 0 0.9791667 0.9164588 0.9620202 0.7900641 0.8892469 0.9903923 1.014439 0.730916 0.536543 1.004016 0.5605939 -9999 -9999 -9999 -9999 -9999 -9999 -9999 -9999 -9999
0.9936 0.8724 0.7109718 1 1.000461 1 0.9833333 0.9258361 0.9127182 0.5513232 0.9647859 0.9911718 1.001603 0.924 1.001201 1 1.0004 1.000801 1.001201 0.9835342 1.002411 0.872 0.9972 0.7156 0.785028 0.6811008 0.823388 1 0.5028113 0.5806581 1.001201 1 0.8771647 1.004016 1.006127 1.078051 1.137398 1.0004 1.302083 0.9837794 0.03605769 0 0.02487962 0.3812776 0.7916499 1.009285 0.9671079 0.9752636 1 1 1 0.7459066 0.4715088 0.6088176 1.008065 0.5646917 0.312 0.1420143 0.1689457 0.6540931 0.2508143 -9999 -9999 -9999 -9999 -9999 -9999 -9999 -9999 -9999
0.9803764 0.3301205 0.4535629 1.196137 0.9823529 0.9889435 0.9844 0.989992 0.9386774 0.9230461 1 0.9736 0.9752 0.9803843 0.9979992 1 1 1.0004 0.8832 0.9855131 1.004823 1.006847 1.0004 0.907526 0.4721889 0.2826571 0.8887545 1.002808 0.6547858 0.32506 0.4799035 0.8080322 1.009285 1.008065 1.168224 1.048658 1.103753 1.004419 1.032631 0.7152583 0 0.08424023 0.4809619 0.9371749 1.006847 1.008065 1.002821 0.9739165 1.001755 0 1 0.6377526 0.5592 0.7005605 1.00647 0.6540931 0 0 0.002408671 0 0.0684 -9999 -9999 -9999 -9999 -9999 -9999 -9999 -9999 -9999
0.9916 0.2591109 0.7404 1.632653 1 1 0.9003799 0.9830149 0.9541985 0.9578652 1 1.001201 1.002406 0.629155 0.8852062 1.000801 1.0004 0.8563426 0.1402806 0.8435619 1.004419 1.010918 1.002808 0.9663327 0.4654341 0.4357945 1.008878 1.002406 0.6585072 0.1936648 0.774427 0.5235223 0.9188429 1.001201 1.02417 1.083658 1.127142 1.036055 1.022149 0.2545528 0.334004 1.002506 1.002406 1.010918 1.002808 1.002406 1.002808 1.000401 0.8726477 0.3499079 1 0.9222222 0.9427542 1.002406 0.97577 0 0 0.03123748 0.3898305 0.4344988 0.5176 -9999 -9999 -9999 -9999 -9999 -9999 -9999 -9999 -9999
0.5884774 0.3459525 0.5454546 0.9293771 1.188811 1.00045 0.2111888 0.952013 0.969537 0.5104586 0.9323671 0.9779648 0.9895456 0.754407 0.791984 1.00321 0.8158106 0.7132 0.85313 0.7955092 0.6374199 0.7809984 1.002009 0.9859211 1 1.0004 1.003613 1.007658 0.8125843 0.05565068 0.3825422 0.170057 0.4967742 1.028383 1.004419 1.039069 1.152605 2.039152 0.8602976 0.2644561 0.9946656 1.219512 1.012966 1.010509 1 1 1.001201 1.000801 0.3285314 0.5833905 1 0.3710302 0.6301811 1.007658 0.990172 0.5659694 0.3108974 0.4592533 0.6994616 0.9662651 1.003613 -9999 -9999 -9999 -9999 -9999 -9999 -9999 -9999 -9999
0.9669887 0.757108 0.6416533 0.2208884 0.6447219 1.46747 0.4283525 0.9351591 0.9014423 1 1.002406 1.001603 1.002808 0.9867842 0.9468 0.9403284 0.9672 0.9668 0.9843248 0.5577 0.5344 0.5545747 0.6830249 0.9883581 0.8288577 0.7477912 0.9132365 1.048218 1.099868 0.3501048 0.3695189 0.0384 0.3952922 1.070205 1.047779 1.048218 1.231527 1.04297 1.187135 0.9664289 1 1.056189 1.015847 1.01916 1.001201 1.117568 1.004823 1.00321 0.6206483 0.9711975 1 0 0.3102205 0.968 1.004858 1.002815 0.9750101 1.004016 1.002004 1.001201 1 -9999 -9999 -9999 -9999 -9999 -9999 -9999 -9999 -9999
0.7466934 0.8267148 0.991573 0.9896222 1.111168 2.818182 1 0.7314461 0.9112806 1.001603 1.001603 1.002808 1 0.9891523 0.9408 0.9947411 1 1.001603 0.9935691 0.916 0.3633453 0.7776 0.9312977 0.8056112 0.07529034 0 0 0.1692496 0.2945091 0.8781995 0.3490528 0.4272575 0.9 1 1.002406 1.010918 1.068833 1.018745 1.166421 1.02398 1 1 1.241928 1.004823 1.054852 1.030928 1.001201 1.002808 0.8001602 0.9911718 0.9595479 0 0.09611534 0.9979992 0.809025 0.6237981 0.1988751 0.8941884 1.051304 1.034067 0.7988 0.3854033 -9999 -9999 -9999 -9999 -9999 -9999 -9999 -9999
0.9955894 0.9928 0.989992 0.9534596 0.6838778 0.9661017 0 0.4693878 0.8056225 1.0004 1.002808 1.001603 1.002406 0.9867736 0.9867789 0.9963971 0.9867789 1.005227 0.9895582 1 0.6732 0.5689516 0.07624398 0.74 0.1692803 0 0 0 0.2344633 0.3323308 0.2734899 0.2656631 0.01404378 0.6853519 1.002406 1.109632 1.376652 1.003613 1.027027 1.048578 1.015847 1.002808 1.160093 1.002808 1.003613 1.014199 1.001201 0.9431357 0.8366039 1 0.915212 0.01162791 0.09698189 0.8418735 0.7899799 0.9871227 0.1579158 0.340809 0.3928 0.1026694 0 0 -9999 -9999 -9999 -9999 -9999 -9999 -9999 -9999
