inst/extdata/EV_continuous/prtilany.asc
ncols         158
nrows         201
xllcorner     249000
yllcorner     6531500
cellsize      500
NODATA_value  -9999
[rows 62 to 92 of 201, columns 0 to 69 of 158]
-9999 -9999 -9999 -9999 -9999 -9999 0.5592992 0.9175847 0.6663991 0.02240896 0 -9999 0 0.208687 0.8672351 0.1375301 0 -9999 -9999 0 0 0 0 0 0.7480819 0.9634832 1.003613 1.003613 0.8504222 0.6550481 0.9823577 1.002004 1.000412 0.8193109 0.7371795 0.9852156 1.001603 1.000406 1.003613 1.004419 1 0.9823718 0.8704 0.8144 0.6933547 0.0284 0.09967975 0.000801603 0.7936248 0.2894954 0 0.6772127 0.1343763 0.3603531 0.947579 1 0.6001655 0.4619391 0.2800161 0.92045 0.7165259 0.2708333 1.001603 0.9864 0.9824 1.001201 0.8746496 0.268 0.7416 1
-9999 -9999 -9999 -9999 -9999 -9999 0.7209302 0.3673759 0.3536091 0.01964797 0 -9999 0 0.05747588 0.06968362 0.003206413 0 0 0 0 0 0 0 0.06127167 0.3868093 1.00121 1.002816 1.003613 0.6112224 0 0.5499799 1.0004 1.001652 0.9611378 0.9827931 1.004016 1 1 1.000801 1.004421 1.00041 1.0004 0.7281125 0.7339743 0.9819494 0.2603124 0 0.1324 0.9532 0.458767 0.5286114 0.9811774 0.3187475 0.652522 1.049118 1.019207 0.1505463 0.3089365 1.024025 1.002004 0.7707911 0.9266533 0.9367747 0.8382706 0.2984776 0.5494198 1.003613 0.958 0.9060241 0.9991958
-9999 -9999 -9999 -9999 -9999 -9999 0 0 0 0 0 -9999 0 0.002806736 0 0 0 0 0 0 0 0 0.313253 0.8241667 0.2676282 1 1.008068 1.004016 0.5154681 0 0.7420796 0.9792789 0.9471744 0.9863891 1.000801 1.002406 1.002808 0.8897089 1.000801 1.003753 1.0004 1.000801 0.7644 0.9867894 0.7758136 0.4701881 0.2532051 0.6885508 0.8752 0.9755707 1.001201 1.002005 0.83747 0.2941177 1 0.9178357 0.008443908 0.7759377 1 1.004016 0.9983799 0.9635417 1.00321 0.9895456 0.8386709 0.8953908 0.9154648 0.4951962 0.6756215 0.9315453
-9999 -9999 -9999 -9999 -9999 0 0 0 0 0 -9999 0 0 0.006033789 0 0 0 0 0 0 0 0 0.7696737 0.6212 0.5396 0.8872 0.4304 0.9619544 0.5678815 0.06265257 0.8529412 1.002004 0.9963942 0.9916 1 1.000801 1.002406 0.6474359 1.000413 1.002848 1 1.002808 0.9876 1.000801 0.9582497 0.08606885 0 0.09407526 0.8901803 1.00321 1.002004 0.8302642 0.018 0.7412 1.0004 0.5120192 0 0.533048 0.9871795 1.003613 1.003613 0.9851941 1.001603 1.001603 1.000801 0.9363236 0.7816647 0.2316 0.6789727 0.6613291
-9999 -9999 -9999 -9999 -9999 0 0 0 0 0 -9999 0 0 0 0 0 0 0 0 0 0 0 0.359212 0.9719101 0.6737475 0.2172 0.6263516 0.7922026 0.2013638 0.3589744 0.9876594 1.002004 0.989996 1.002004 1 1.0004 0.9422846 0.7904723 1.005589 1 1.002808 1.002004 1 1 1.004823 0.8444 0.4601522 0.0112 0.557469 0.8834602 1.002004 0.5164394 0.042 0.9360675 1.001201 0.3327987 0 0.1578947 0.633264 1.003613 1 0.9393297 0.9927971 1.001603 1 0.9702453 0.9026832 0.447558 0.573215 0.301002
-9999 -9999 -9999 -9999 0 0 0.1080865 0 0 0 -9999 0 0 0 0 0 0 0.0136 0 0 0 0 0.9916963 1.00121 1.002035 0.8035004 0.9926199 0.9127463 0.6491157 0.9959984 0.9842061 1 0.9875801 0.9987985 1 1.002406 0.9295436 0.999592 1 1.00321 1 1.004419 1.0004 1.0004 0.905259 0.4883628 1 0.7935174 0.7450902 0.9427083 0.3981556 0.2339486 0.5404 1 1 0.6092 0 0.4368 0.8152611 0.6682712 1 0.847478 0.8839757 0.7890312 0.6394558 0.9023219 0.7489992 0.7897477 0.535014 0.3190552
-9999 -9999 -9999 -9999 0 0 0.7802968 0.0964 0 0 0 0 0 0.0012 0 0.08874172 0.5166466 0.592 0 0 0 0 0.9966611 1.001374 1 0.972278 1.00321 1.0004 1.002406 0.986 0.9863184 1.000801 0.9919872 0.994391 1.002004 0.9863658 0.7133676 0.9982332 1 1.000801 1.002808 1.002406 1 1.001201 0.9919904 0.9730816 1 1.001603 1.001603 1.022463 0.4380799 0.3354709 0.9963956 1.006441 1.066098 0.4843499 0.06605284 0.5317014 1.004016 0.3558233 0.2815884 0.7561073 0.9480258 0.8413793 0.3620273 0.9045327 0.6062425 0.7824979 0.8667467 0.6090436
-9999 0 0.1315547 0.7096141 0 0 0.004 0 0.000623441 -9999 0 0 0 0 0 0.000402414 0.3331987 0.707014 0.006007209 0 0 1 1.000472 1 0.9409742 0.9995998 1.00321 1.006441 1.00321 0.9735365 0.9735243 1.231508 0.8986762 1.005632 1.000801 0.9985141 0.9640523 0.7266811 0.6832329 0.9868852 1.002406 1.0004 1.0004 1.002406 1.002004 0.9958246 1.0004 1.000801 1 1.002406 0.952 0.9811321 1.001201 1 1.002808 1.001606 0.2361889 0.8012072 1 0.8550724 0.006827309 0.001204336 0.1338141 0.8383551 0.6946565 0.6876252 0.7631052 0.7881494 0.9859944 0.9407763
0 0 0.08837772 0.382 0 0 0 0 0 0 0 0 0 0 0 0 0 0 0.000477783 0 1 1.001282 1 1 0.8477581 0.6658664 0.8992 1.000801 0.9979968 0.9771176 0.76467 0.543911 0.5068218 1.003613 1 0.9987453 1 0.01753049 0 0.5027648 0.8662033 0.9010395 1.00321 1.0004 1.0004 0.8425812 1 1.002004 1.004016 0.8636 0.6861724 1.003613 1 1 1.004016 1.001201 0.995593 1.001603 1.005227 1.001201 0.9006012 0.1508 0 0.5149435 0.9695147 1.0004 0.5589887 0.3175758 0.9891173 0.7404733
-9999 0.9598309 0.7875102 0.006423123 0 0.003602882 0 0 0 0 0 0 0 0 0 0 0.02652771 0.6962925 0.7716263 0 0.9567404 1.001603 1.00085 0.9428979 0.6871463 0 0.8849066 1.001603 1.002808 0.9141667 0.3635225 0.6052 1.001201 1.002004 1.001201 1 0 0.000401123 0 0.2815143 0.8953908 0.6334299 0.8986425 0.9632588 0.9298597 0.3041717 0.9948 1.001603 1.001603 0.5564 0.6067415 1.0004 1.001201 1.000801 1.0004 1.002406 1.008065 1.000801 1.000801 1.002004 1.001201 0.7454982 0.07566053 0.473748 0.916 0.7304735 0.6489796 0.9224208 0.9511609 0.853766
-9999 0.953917 0.3094079 0 0 0 0 0 0 0 0 0 0.01053799 0.2968875 0.247543 0 0 0.4599678 0.5598705 0.008649688 0.823388 1.002006 0.7482566 0.5751004 0.3572 0 0.1639887 0.4685623 0.5193192 0.7996782 0.5479396 0.04146141 0.7230461 1.005632 1.000475 1 0 0 0.1475541 0.80893 0.8455382 0.2005616 0.8739936 0.9597343 0.8609219 0.6558363 0.7023196 1.000801 1.000401 0.7510056 0.8990715 1.000801 1 1.000801 1.0004 1.008878 1.006847 1.001201 1.002004 1 0.9791416 0.732852 0.6542318 0.07645631 0.7166599 0.9446495 0.4486094 0.9266055 0.8617364 1.001603
-9999 1 0.0832 0 0 0 0 0 -9999 0 0 0 0.02095316 0.1876 0.368095 0.5196 0.01072235 0 0 0.000801603 0.6170576 0.889587 0.4993378 0.8276553 0.6323588 0.3781726 0 0.326261 0.7203647 0.9260491 0.4740651 0.3146443 0.1281314 0.5170833 0.9090909 1 0.01284797 0.0396 0.9270248 1 0.888443 0.4358974 1.003613 1 1.001647 0.9678832 1.363158 0.9745865 0.7919679 0.8100243 1 1.002406 1.001603 1.0004 1.000801 1.000801 1.00321 1.0004 1.003613 0.9456959 0.1862706 0 0.4454691 0.1850962 0.6353703 0.8692863 0.2666399 0.2363782 0.6087352 1
-9999 1 0.3898051 0 -9999 0 0 -9999 -9999 0 0 0.0012 0.0672 0.2320928 0.1493506 0.9234661 0.2592593 0 0 0 0.05764411 0 0.9013793 1 1.002004 0.8935148 0.533762 0.6175299 1.000967 0.9915933 0.9987874 0.4634146 0.7296417 1 1.000825 1.000801 0.1128758 0.6349079 1.0004 1.004016 0.9251102 1 1.001201 1 0.996319 0.9938697 1 0.164529 0.484609 0.9284245 0.9906995 1 1 1 1.000402 1.002813 0.9891479 0.9696847 0.9178357 0.3365735 0 0 0.0168 0.9312 0.9919775 0.5188755 0 0.848497 0.8209852 0.760221
-9999 -9999 -9999 -9999 -9999 -9999 -9999 -9999 -9999 0 0.008 0.0684 0.156 0.09775641 0.3535762 0 0.1438159 0 0 0 0 0 0.5099867 0.9670383 1 1.004016 1 1.002115 1.000801 0.9001604 1 0.9648712 0.8485342 1.002017 1.001201 1 0.8005034 1.0004 1.001603 1.0004 1 1.067464 1.01461 1.001201 1 1 0.8470588 0 0.1351025 0.356285 0.6805837 0.9859272 1.000406 1.001204 1 0.9755413 0.988993 0.8265224 0.9935249 0.7716693 0.1236948 0 0.1948 0.9591182 0.9907815 0.8794553 0.5088 0.2759311 0.5506329 0.2019573
-9999 -9999 -9999 -9999 -9999 -9999 -9999 -9999 0.3411602 0.2722178 0.0020008 0.202562 0.362 0.3836 0.8193489 0.2857143 0.6480263 0.4043062 1 0 0.7667087 0.1009211 0.1092504 1 1.000989 0.8721512 0.945243 1.001781 1 0.3167702 0.8829897 0.9666283 1 1 1.002406 1 1 1.003261 1.002004 1.00321 1.004419 1.041667 1.002808 1 1.001603 0.9912162 0.942841 0 0.7268723 0.5068273 0.9437525 0.7202405 0.8304809 0.9398863 0.9700647 0.9931285 1.001605 1 1 1 0.7263582 0.418 0.0988 0.7114767 0.994391 0.1944778 0.164998 0 0 0
-9999 -9999 -9999 -9999 -9999 -9999 -9999 -9999 0.494311 0.6551862 0.3960595 0.9364185 0.648757 0.1356 0.3762019 0.7230281 0.9714091 0.9992157 0.9990128 0 0.5183674 0.6578631 0.9587505 0.9849246 1 0.8210962 1.000465 1.001898 0.5883807 0.4115044 0.713963 0.99 1 1.001037 1 1.005831 1 1.001835 1.004419 1.0004 1.002406 1.006036 1 1 1.001201 0.9855538 0.5564904 0.1154803 0.9987985 0.4155897 0.9891957 0.2094703 0.2498997 0.460537 0.9184602 0.9927126 1.004016 0.7879152 0.9688 1.666667 0.608192 0.8957747 0.5088 0.7385621 0.931735 0.5344057 0.3372093 0.355475 0.1445783 0
-9999 -9999 -9999 -9999 -9999 -9999 0 -9999 0.8316985 0.6970788 0.7770216 0.9698553 0.9855654 0.5814326 0.5330132 0.7193755 0.8392 1.006667 0.9120879 0.7747489 0.4227675 0.9137585 0.9994493 0.1291841 0.9900157 0.9946092 0.9777098 0.3224335 0.8053467 1 1 0 0 1.019048 0 0.4019349 0.999006 0.950654 1.003613 1 1 1.002004 1 1.00321 0.9891523 0.9171005 0.1387772 0.4394547 0.938326 0.555511 0.7603207 0.01923848 0.8065165 0.9032 1.003613 1 0.9605809 0.1551724 0.5984 1.072961 1.01833 0.5996798 0.3556536 0.7333961 1 1.000801 0.7582197 0.2674139 0.1365546 0
-9999 -9999 -9999 -9999 -9999 -9999 0 0.01734104 0.7501008 1.000801 0.8917836 1.00321 0.7764375 0.8993181 0.973114 0.915329 0.6753507 0.8924419 0.9363636 0.9879808 0.9619544 0.995171 0.877459 0.2961924 0.9946572 0.9943915 0.8992126 0.1878924 0.9862196 1 0 0 0.09824047 1 0 0.003683241 0.9473684 0.03151862 0.3294636 0.4624 0.412 0.868336 1.00321 1.000801 0.9558168 0.1381105 0 0.4787535 0.4324759 0.7734407 0.4356713 0.007226014 0.9247097 1.00321 1.004016 1 0.7990392 0.04281713 0.6704 1 0.9819928 0.1603849 0 0.0292 0.88751 1.001201 1.002004 0.9847695 0.2887597 0
-9999 -9999 -9999 -9999 -9999 -9999 -9999 0 0.7273844 0.9606742 0.9129214 0.9286573 0.3123749 0.9775641 0.8807046 0.9433735 1.000803 0.482593 0.9154648 1.001201 0.9276527 0.4252505 1 0.9464 1 0.995083 0.990442 0 0.06827309 0 0 0.1209091 0.9850206 1 0.02654867 0 0.9804878 0.2362514 0.5651302 0.7496 0.8244 0.8597195 0.9667612 0.9964 0.5574989 0 0 0.02196382 0.7961973 0.9791499 0.3039097 0.3488372 1.002004 1.050862 1 0.958734 0.2372745 0.6176948 1 1 0.5800641 0 0.02969502 0.01922307 0.536 1.001603 1 0.7223558 0.1673329 0
-9999 -9999 -9999 -9999 -9999 -9999 -9999 -9999 0.4005848 0.8769602 0.9314629 0.8434121 0.4565826 0.9752 0.9807615 0.9735471 0.8114194 0.7872341 0.8415762 1.002004 0.5821972 0.3311974 1.004421 0.9110577 0.9111323 0.9950562 0.9906263 0.9739414 0.5 0 0 1 1.001511 1 0.9082125 0.9641638 0.996577 0.7297964 0.8232 0.9852 1 0.4148 0 0.3023723 0 0 0 0.01427061 0.6725441 0.9996 0.04445335 0.3705788 1.000801 1.015435 1 0.5288 0 0.8972 0.8145775 0.9163331 0.2009627 0 0.2043356 0.3493397 0.233787 1.002004 1.001603 0.9815846 0.4324818 0
-9999 -9999 -9999 -9999 -9999 -9999 -9999 0.2272727 0.5056029 0.8071169 0.8217862 0.6933868 0.6205788 0.974359 0.7828 0.8916533 0.9735153 0.9467787 0.7375801 0.4109644 0.904 0.8569132 0.9779382 0.9891784 1.002808 1 1 0.9794722 0 0 0 1.003731 1 0 1 1 1 0.04263006 0.1945556 0.886218 1.00321 0.5962385 0 0 0 0 0 0 0.0284 0.2592 0.1289031 0.3471797 0.996371 1.01626 1.001201 0.9116 0.2365678 0.7884616 0.03816794 0.8044 0.454982 0 0.1861681 0.1119583 0.002 0.8836 1 0.9975845 0 0
-9999 -9999 -9999 -9999 -9999 -9999 -9999 -9999 0.8281563 0.9078049 0.6645316 0.5362319 0.7162865 0.6919374 0.6179416 0.7195513 0.566774 0.9899477 0.502809 0.2784 0.4869948 1 1.001603 0.9859832 0.9639134 1 1.000801 0.9957653 0 1.028846 1 0 0 0.8783542 0 1 1 0.2194245 0.1255012 0.96 1 0.7012 0.08011272 0.002002403 0.2764587 0.074 0 0 0 0.05002001 0.426 0 0.1168 0.4724919 0.5663859 0.5824 0.312525 0.1065278 0 0.01441153 0.2379615 0 0.02334004 0.2530024 0.02429667 0.4140731 0.003835091 0 0 0
-9999 -9999 -9999 -9999 -9999 -9999 -9999 0 0.5258741 0.2831522 0.8486183 0.8728 0.9911894 0.5692554 0.5656525 0.912 0.1974369 0.5724697 0.8871097 0.2004 0.0888 0.3961508 0.922 1.005632 1.001603 1.0004 1 1.002423 1 1 1 1.037572 1 1.000935 0.8550186 1 1.001201 0.8376682 0.734 0.812 0.9219688 0.4809619 0.3016446 0.3932 0.1406752 0.01453371 0 0 0 0.09451342 0.306 0 0 0 0 0 0 0 0 0 0.000401606 0.0568 0.6587856 0.5167653 0 0 0 0 0 0
-9999 -9999 -9999 -9999 -9999 -9999 -9999 -9999 0 0.2627957 0.998376 0.9511414 0.9859944 0.5782504 0.94 0.9784 0.6048937 0.7667603 0.9823859 0.8868 0.8066453 0.3412 0.1531062 0.5456 0.9704931 1.007658 0.9954935 1.003745 1.000704 1.00565 1.012195 1.020737 1.000998 0.8383353 0.8839962 1 1.001204 1 1 0.7230461 0.02561024 0 0.2693077 0.772 0.5914366 0.01042502 0 0 0 0 0.3293076 0.1155462 0.1076105 0 0 0 0 0 0 0 0 0.00206754 0.408046 0.5077187 0.8343849 0.5608 0 0 0 0
-9999 -9999 -9999 -9999 -9999 -9999 -9999 -9999 0.75 0.5408654 0.9838449 0.9833806 1 0.9728 0.9531813 1.000801 0.8998398 1.007252 0.9847939 1.002808 0.9463785 0.8638195 0.5794954 0.3638922 0.5220529 0.7063301 0.9469234 0.9932002 1.002085 1 0 0.9760837 0.872134 0.6781971 0.598513 1 1.0013 1.002594 1.001886 0.9995992 0.2127404 0 0.3718412 0.4863563 0.7407556 0 0 0 0 0 0.1424 0.5297569 0.9188119 0.1053264 0 0 0 0 0 0 0 0.4123711 0.01208459 0.0112 0.2288 0.1088 0.05813954 0.08333334 0 0
-9999 -9999 -9999 -9999 -9999 -9999 -9999 -9999 0.9872205 0.9443851 1.043165 0.4444892 0.6186475 1 1.000801 0.984 0.8422738 0.9887505 0.9851941 0.9912 0.8536 0.8355395 0.5344 0.6649278 0.7903615 0.8189135 0.6289032 0.7604167 0.8170241 0.1885246 0.6510204 1.001044 0.9989594 0.99779 1.047619 0.7341598 0.9583834 0.9994633 0.9844358 0.5272 0.02165196 0 0.1096386 0 0 0 0 0 0 0 0.5318127 0 0.5276664 0.3964 0 0.111557 0.0368 0 0 0 0 1 0.5392 0.002 0 0 0.2161187 0.7736111 0 0
-9999 -9999 -9999 -9999 -9999 -9999 -9999 -9999 0.2935421 0.6205937 1.002472 0.6486595 0.7944489 1.000801 1.001201 0.9543803 0.4108931 0.2486964 0.921875 0.7118847 0.7776886 0.9924 0.9111748 0.5181451 0.9955947 0.9635854 0.9314629 0.8775592 0.585209 0.9603381 0.8311951 0.9682875 1.000422 1.000479 0.9285714 0.4657795 0.932 1 0.9803681 0.8134029 0.06044836 0.09403761 0.605939 0.01521826 0 0 0.008077544 0.009222133 0 0.007220217 0.6270032 0 0.6932319 0.6264 0.1968787 0.8288577 0.7014028 0.1812 0 0 1 1 0.9824 0.0016 0 0 0.2926525 0.7156673 0.2321718 0
-9999 -9999 -9999 -9999 -9999 -9999 -9999 -9999 0.350838 0.8887064 1.0004 0.9750102 1.004016 1 1.001201 0.9739165 0.6177062 0.3219178 0.716 0.6812525 0.9430634 0.9819494 1.000801 0.8699878 0.9436846 0.8607443 1.002004 0.9919807 0.7078652 0.319166 0.2430695 0.9364 1.004444 0.8820795 0.01243599 0.5203383 0.9711423 1.002004 0.9852941 0.9896 0.1176 0.2599438 0.0096 0 0 0 0.1827309 0.6906883 0 0 0.1270541 0.000401768 0.8382294 0.9754922 0.8704 0.9907779 0.9306688 0.07783883 0 0.9975186 1 1 0.9888 0.1812 0 0 0.1718121 0.8123209 0.1269524 0.2686149
-9999 -9999 -9999 -9999 -9999 -9999 -9999 -9999 0.3165761 0.9170673 1.132058 0.9922259 1 1 1.002808 0.9555467 0.4885954 1.002409 1.001603 1.004016 0.6451742 0.85313 0.8788245 0.9683367 1.000801 0.5708 0.8091236 0.9452 0.916 0.4504215 0.2204819 0.08868379 0.377858 0.8095043 0.2553719 0.4810789 1.002004 0.9456 0.4772973 0.9216 0.06672025 0.363782 0.1344 0.1233974 0 0 0 0.03631861 0 0 0 0 0.1512 1 0.08003201 0.7743614 1 0 0 0.5318078 1 1 0.8764 0.1808724 0 0.001119821 0.5707575 0.2072874 0.148 0.1570912
-9999 -9999 -9999 -9999 -9999 -9999 -9999 -9999 0.6029412 0.7399679 1.001201 0.8126755 1 1.000801 1.004419 0.9 0.8192325 1.000861 0.9988895 1.001621 0.9518608 0.9671932 0.3760097 0.9173023 1.003614 0.9566265 0.9815187 0.9675351 0.938 0.9582832 0.7206591 0.4580826 0.37751 0.3467095 0.5208668 0.7582462 0.956346 0.8727419 0.7074639 0.9395032 0.296042 0.6865492 1.0004 0.4586777 0 0 0 0 0 0 0 0 0.008140531 0.9445385 0.08690254 0.2035176 0 0 0 0.3396075 0.7291667 0.9627404 0.8884 0.3266372 0 0 0.4712 0.1698113 0.2293835 0.5602241
-9999 -9999 -9999 -9999 -9999 -9999 -9999 -9999 0.1005291 0.6782852 0.7732 0.7313851 1.000801 1.00321 0.9611067 0.8866186 0.9130435 0 0.9987952 0.9995871 1.002431 0.9831325 0.9943955 0.743487 0.4473049 0.7626709 1.002808 1.000801 1 0.6991968 0.4325525 0.4811245 0.8335339 0.5164 0.6597195 0.7834471 0.8614892 0.4769354 0.16 0.253328 0.0928743 0.7628124 0.6143227 0.0616083 0 0 0 0 0 0 0 0 0.008196721 0.3909774 0 0.6975442 0.008 0 0 0.2884 0.2528 0.793835 0.6903614 0.1184739 0 0.774244 0.5810973 0.7616372 0.2435794 0.5248199
