inst/extdata/EV_continuous/teraspif.asc
ncols         158
nrows         201
xllcorner     249000
yllcorner     6531500
cellsize      500
NODATA_value  -9999
[rows 86 to 128 of 201, columns 0 to 94 of 158]
-9999 -9999 -9999 -9999 -9999 -9999 -9999 -9999 62 36 157 87 0 32 53 106 107 105 77 71 49 34 21 10 31 29 92 131 129 112 180 180 62 13 26 41 178 171 42 46 57 2 69 6 62 73 49 28 66 16 7 35 58 36 48 4 18 106 103 78 57 112 111 128 155 101 5 82 116 128 108 68 32 12 66 131 154 112 54 31 99 45 26 50 52 74 116 107 33 115 129 167 60 35 34
-9999 -9999 -9999 -9999 -9999 -9999 -9999 -9999 44 62 116 161 115 33 12 101 112 89 46 37 20 14 6 16 25 8 11 89 116 171 168 120 116 174 116 75 110 168 145 90 73 57 92 78 125 157 43 5 76 9 24 4 56 42 81 8 0 54 80 77 20 106 104 108 108 89 26 50 130 139 158 93 0 41 69 116 173 147 31 12 85 64 40 25 21 0 83 104 112 140 141 160 112 63 42
-9999 -9999 -9999 -9999 -9999 -9999 -9999 -9999 64 82 104 132 119 79 56 109 108 82 20 7 6 6 2 17 18 4 10 19 174 162 166 136 112 137 175 64 60 102 90 91 83 45 8 87 175 177 107 18 35 50 14 4 36 12 76 24 29 49 66 88 104 105 101 67 96 93 58 34 85 132 175 150 82 42 53 70 179 144 109 19 65 153 62 15 19 5 92 175 133 147 124 112 15 7 36
-9999 -9999 -9999 -9999 -9999 -9999 -9999 -9999 77 61 13 71 135 161 49 108 113 129 99 0 24 14 0 18 58 4 4 36 70 141 159 151 157 151 150 96 78 100 41 60 84 28 74 81 164 100 65 35 27 108 57 62 48 5 65 46 42 50 43 114 105 81 29 56 75 80 77 82 78 58 143 164 174 92 56 68 177 144 124 73 10 35 28 26 67 78 105 31 59 115 110 100 67 18 61
-9999 -9999 -9999 -9999 -9999 -9999 -9999 -9999 84 70 27 29 37 119 16 53 80 46 5 39 51 19 49 70 76 107 88 76 45 6 8 26 112 141 149 117 94 114 37 34 40 93 91 25 4 105 105 104 105 145 57 5 27 26 65 59 72 135 95 86 94 3 22 57 61 67 84 68 47 28 25 178 130 165 99 57 41 146 122 115 49 16 22 43 58 2 79 13 11 77 107 122 171 150 57
-9999 -9999 -9999 -9999 -9999 -9999 -9999 -9999 79 95 128 65 69 146 100 69 58 25 5 1 49 118 111 104 40 55 87 110 122 32 12 17 0 34 71 102 120 132 154 61 63 75 43 23 58 108 108 15 16 41 57 25 2 32 64 139 157 177 126 57 12 42 30 69 81 112 86 49 32 29 1 64 81 153 172 35 33 117 134 165 167 165 132 104 68 64 98 16 43 80 104 116 133 162 76
-9999 -9999 -9999 -9999 -9999 -9999 -9999 -9999 74 62 122 109 71 85 92 92 87 85 88 104 140 117 126 172 112 94 70 20 69 43 98 127 4 15 14 6 7 75 79 66 73 35 60 55 8 63 37 38 40 4 91 81 4 12 107 119 162 172 175 63 31 64 7 92 108 85 102 91 49 34 20 50 40 6 30 140 60 63 147 141 174 155 162 136 126 91 116 124 144 122 116 160 120 161 118
-9999 -9999 -9999 -9999 -9999 -9999 67 180 33 35 70 31 44 90 105 96 67 -9999 94 97 130 109 137 126 67 49 31 44 52 98 136 138 85 30 8 11 7 24 29 30 37 53 165 19 46 61 0 95 150 144 159 139 165 78 68 24 51 21 59 46 44 106 100 121 117 80 92 112 89 77 60 22 8 14 46 167 50 0 20 81 151 149 163 158 148 98 41 101 169 136 142 168 114 131 49
-9999 -9999 -9999 -9999 -9999 112 30 26 3 29 12 49 55 57 98 99 -9999 -9999 49 61 74 63 22 95 163 99 37 86 93 92 154 128 137 50 1 21 2 12 6 42 60 76 84 51 49 84 93 106 133 172 133 120 130 86 37 14 65 25 25 38 94 130 132 112 85 64 69 106 123 121 174 76 11 27 44 14 41 22 26 60 145 157 151 171 157 148 170 63 126 154 139 118 53 140 175
-9999 -9999 -9999 -9999 -9999 81 119 171 -9999 34 31 22 6 45 71 -9999 180 22 50 67 62 14 37 77 25 30 36 67 91 84 172 136 125 41 2 38 63 80 87 52 33 12 50 43 14 126 108 99 115 129 110 99 22 26 29 15 16 131 131 159 171 81 4 125 128 42 75 106 112 92 88 72 62 77 60 12 63 56 59 56 35 175 131 176 142 176 176 161 52 130 122 118 22 88 159
-9999 -9999 -9999 -9999 -9999 44 56 89 -9999 22 49 20 59 51 -9999 -9999 112 125 91 64 0 26 25 46 39 55 13 90 97 77 39 84 98 78 16 35 91 104 112 18 11 29 40 76 109 121 95 86 95 80 90 113 22 21 71 50 61 79 110 127 176 109 12 118 120 81 88 104 58 44 63 80 110 104 31 24 10 57 79 60 19 34 97 150 122 117 178 137 54 67 114 134 166 88 96
-9999 -9999 -9999 -9999 -9999 -9999 -9999 -9999 -9999 -9999 67 1 96 -9999 180 112 117 121 64 22 33 37 15 25 127 175 126 107 114 77 52 85 113 119 22 30 35 38 42 72 47 63 85 89 91 74 46 46 69 75 60 85 122 76 157 178 78 55 15 43 83 158 92 37 96 91 86 74 50 75 57 78 59 22 34 65 20 57 85 76 61 16 56 158 158 138 141 130 166 36 80 101 167 80 30
-9999 -9999 -9999 -9999 -9999 -9999 -9999 -9999 -9999 -9999 45 29 92 180 112 131 159 134 1 8 70 103 109 109 144 159 109 96 44 81 164 154 138 134 139 88 36 24 33 117 143 178 79 49 18 23 34 40 81 100 115 172 132 49 10 19 56 25 11 2 73 128 116 105 132 80 74 62 82 85 47 36 18 24 12 110 56 52 51 45 107 45 53 58 146 149 157 151 138 88 34 31 104 4 54
-9999 -9999 -9999 -9999 -9999 -9999 -9999 -9999 139 172 49 29 70 -9999 67 63 87 91 16 4 67 116 119 124 174 127 102 39 18 143 163 110 110 119 121 157 4 43 35 112 126 177 161 31 6 5 57 35 88 132 158 153 151 169 117 105 109 162 43 79 93 109 105 121 94 76 62 66 84 107 95 13 23 30 6 79 85 81 51 0 84 79 56 29 73 106 168 151 132 127 165 40 49 6 69
-9999 -9999 -9999 -9999 -9999 -9999 -9999 67 67 108 102 49 67 -9999 22 2 39 -9999 22 -9999 128 120 110 119 151 89 107 155 133 171 85 54 81 126 98 94 149 131 139 113 97 167 139 96 1 33 33 10 3 167 139 175 114 118 22 71 90 139 159 96 139 102 75 19 71 81 85 86 66 6 23 40 11 44 20 25 81 93 35 20 3 73 51 24 35 51 119 122 123 133 144 20 18 15 46
-9999 -9999 -9999 -9999 -9999 -9999 -9999 22 4 41 -9999 180 -9999 -9999 -9999 -9999 -9999 -9999 -9999 110 127 148 20 58 140 125 124 156 169 99 85 64 151 149 133 89 130 136 132 141 78 62 119 131 36 30 5 11 59 157 125 147 130 120 8 80 81 123 116 106 136 107 98 43 63 61 32 106 88 9 35 7 19 36 63 96 77 74 78 11 70 91 84 7 22 8 22 97 110 127 127 107 41 67 52
-9999 -9999 -9999 -9999 -9999 -9999 -9999 180 180 180 -9999 -9999 -9999 -9999 -9999 -9999 -9999 -9999 107 95 101 146 121 59 84 110 114 179 110 97 161 124 170 119 108 59 62 108 121 176 136 153 161 149 122 3 0 65 70 22 130 152 155 142 133 91 131 166 79 28 76 111 119 60 43 35 15 100 106 41 24 55 29 47 83 117 73 36 94 42 54 21 8 66 34 25 16 63 68 82 106 129 88 102 137
-9999 -9999 -9999 -9999 -9999 -9999 -9999 -9999 -9999 180 -9999 -9999 -9999 -9999 -9999 -9999 -9999 79 80 76 83 138 123 71 69 56 37 65 86 136 146 114 106 118 134 75 82 96 150 67 91 135 164 127 139 171 67 47 34 6 48 146 139 133 112 89 154 153 25 32 36 81 105 130 29 42 37 75 95 88 34 6 71 76 90 155 36 20 61 59 51 5 1 46 71 18 12 34 72 71 93 125 71 81 138
-9999 -9999 -9999 -9999 -9999 -9999 -9999 -9999 -9999 180 180 -9999 -9999 -9999 -9999 -9999 180 67 76 89 54 75 159 98 81 13 7 42 120 130 127 48 47 141 164 109 96 96 85 139 94 86 66 91 167 167 136 39 25 0 4 26 96 139 91 49 54 36 40 50 35 68 7 163 161 64 32 67 65 40 14 39 133 57 34 54 2 36 31 29 0 10 15 3 1 71 10 14 61 81 122 152 137 67 82
-9999 -9999 -9999 -9999 -9999 -9999 -9999 -9999 -9999 180 180 -9999 -9999 -9999 -9999 117 154 104 78 45 32 70 140 127 33 40 8 68 162 159 96 92 35 116 143 80 43 28 25 70 59 83 140 130 159 124 121 60 38 21 24 17 35 92 43 9 23 27 43 53 20 140 112 59 105 47 1 73 128 162 113 118 148 31 8 37 18 19 17 47 24 70 113 136 140 166 113 7 22 154 159 159 175 52 58
-9999 -9999 -9999 -9999 -9999 -9999 -9999 -9999 -9999 180 -9999 -9999 -9999 180 -9999 67 101 90 55 15 49 86 112 119 45 0 84 84 49 93 103 93 26 31 67 23 26 21 7 37 15 174 128 142 127 105 118 71 24 48 65 67 98 171 121 47 13 15 5 151 124 16 67 70 22 15 22 102 170 156 128 149 101 49 34 46 11 43 68 93 104 98 104 137 160 153 125 103 107 168 164 157 145 94 55
-9999 -9999 -9999 -9999 -9999 -9999 -9999 -9999 -9999 -9999 -9999 -9999 -9999 -9999 -9999 17 6 36 35 77 97 72 8 67 64 55 66 57 73 93 76 73 38 39 83 1 81 148 108 38 66 99 97 170 129 130 124 104 62 77 96 103 92 172 122 114 22 65 90 178 141 1 52 139 139 126 90 93 143 60 10 50 79 49 1 81 53 31 43 65 85 83 74 101 161 121 114 90 89 144 158 150 145 117 35
-9999 -9999 -9999 -9999 -9999 -9999 -9999 -9999 -9999 -9999 -9999 -9999 -9999 -9999 180 180 65 62 69 78 62 31 38 46 29 65 59 18 45 82 74 16 156 176 130 77 73 133 166 102 99 88 86 150 130 132 130 144 96 75 3 62 65 79 99 83 3 66 61 58 98 78 85 149 169 148 100 106 128 91 51 44 81 98 164 133 38 55 65 59 58 54 50 16 47 88 119 111 86 31 104 126 136 147 69
-9999 -9999 -9999 -9999 -9999 -9999 -9999 -9999 -9999 -9999 -9999 -9999 -9999 -9999 -9999 154 110 105 113 81 0 66 62 46 104 69 42 24 42 60 70 78 133 121 104 46 65 81 167 95 61 76 85 109 95 107 120 140 61 23 10 40 6 52 73 68 19 13 16 44 40 117 112 120 173 153 94 120 140 112 96 41 99 120 167 156 157 108 110 88 64 45 28 0 35 58 9 86 120 0 92 148 153 151 117
-9999 -9999 -9999 -9999 -9999 -9999 -9999 -9999 -9999 -9999 -9999 -9999 -9999 -9999 -9999 154 112 92 119 139 108 102 177 107 123 95 13 27 47 55 45 55 46 41 67 91 81 100 101 16 65 67 22 69 73 85 113 132 95 6 8 11 27 42 41 53 35 18 20 32 73 83 91 99 135 161 88 123 144 116 103 104 92 90 142 121 120 107 120 139 42 33 37 10 51 12 69 89 175 150 99 171 154 136 41
-9999 -9999 -9999 -9999 -9999 -9999 -9999 -9999 -9999 -9999 -9999 -9999 -9999 -9999 57 39 75 72 96 139 87 19 120 106 100 108 32 1 6 106 8 26 60 15 25 58 50 0 64 91 88 63 40 60 74 92 98 94 91 55 35 1 25 154 136 129 138 159 70 71 90 41 31 64 179 153 92 79 117 118 120 80 77 63 97 133 116 101 87 111 64 31 5 31 75 29 68 102 179 141 66 85 144 148 156
-9999 -9999 -9999 -9999 -9999 -9999 -9999 -9999 -9999 -9999 -9999 172 157 -9999 22 33 73 77 63 88 112 116 121 33 1 94 168 121 22 104 137 86 101 112 19 48 47 17 32 88 89 57 87 85 70 67 75 67 73 124 114 119 103 147 144 125 98 157 151 113 117 154 30 42 75 145 101 31 55 80 161 93 70 58 144 147 93 68 4 18 123 72 25 27 76 24 58 59 100 139 90 45 135 136 141
-9999 -9999 -9999 -9999 -9999 -9999 -9999 -9999 -9999 -9999 115 167 -9999 -9999 -9999 73 86 90 123 130 129 151 158 146 78 117 155 168 91 86 158 173 164 179 172 65 58 135 88 88 60 47 61 58 62 65 86 109 162 99 116 134 109 134 122 131 63 93 179 115 135 132 18 43 51 103 179 127 83 28 113 98 53 31 1 101 75 82 148 106 146 111 148 131 100 85 63 38 24 112 148 82 178 128 151
-9999 -9999 -9999 -9999 -9999 -9999 -9999 -9999 -9999 -9999 93 153 -9999 -9999 -9999 101 96 52 18 122 112 178 154 162 153 126 129 126 145 94 134 166 165 171 150 60 56 58 79 77 76 64 60 44 39 97 108 178 151 143 89 116 141 166 156 162 77 35 0 80 171 118 176 51 55 74 167 123 116 86 107 142 50 53 58 114 110 117 165 170 124 109 141 151 173 106 54 42 74 121 46 77 131 172 161
-9999 -9999 -9999 -9999 -9999 -9999 -9999 -9999 -9999 82 92 123 110 -9999 -9999 51 8 27 19 74 92 145 161 161 172 149 152 141 173 83 106 155 169 133 106 51 72 33 46 33 83 99 87 52 9 49 44 96 154 161 78 81 111 174 146 154 93 55 65 60 57 118 172 76 63 65 95 120 160 125 130 171 134 122 102 81 79 74 140 142 95 100 110 135 175 110 162 61 35 94 97 74 105 51 114
-9999 -9999 -9999 -9999 -9999 -9999 -9999 -9999 -9999 68 42 84 -9999 -9999 22 3 19 39 46 54 43 94 162 169 159 154 170 145 141 71 80 178 96 100 103 60 51 24 41 42 66 94 104 107 48 30 54 66 22 98 63 58 57 148 134 125 53 101 120 101 157 131 151 92 51 40 52 76 156 136 151 162 143 134 115 103 98 66 26 120 16 35 68 126 144 91 173 134 16 9 79 106 109 30 50
-9999 -9999 -9999 -9999 -9999 -9999 -9999 -9999 -9999 45 13 76 -9999 -9999 180 180 180 -9999 34 37 37 60 115 145 172 167 121 115 141 78 76 162 123 110 107 56 19 57 64 65 93 99 95 99 99 105 106 49 17 86 69 66 69 85 117 124 135 81 119 146 170 122 56 71 23 16 33 25 31 83 159 155 175 177 95 99 115 140 154 176 171 58 36 96 122 64 99 133 178 12 41 54 96 53 12
-9999 -9999 -9999 -9999 -9999 -9999 -9999 -9999 -9999 31 28 -9999 -9999 -9999 -9999 180 180 112 122 57 31 27 69 113 149 128 138 172 173 92 77 167 115 107 108 63 15 39 75 38 70 124 124 92 30 81 101 129 146 172 102 48 42 2 93 143 149 71 88 144 130 111 70 75 2 13 19 28 46 56 104 143 146 141 65 66 76 115 160 172 160 163 150 59 33 79 149 164 161 170 58 13 103 171 139
-9999 -9999 -9999 -9999 -9999 -9999 -9999 -9999 -9999 -9999 69 171 123 -9999 -9999 180 180 92 124 164 5 32 60 57 84 96 157 135 179 93 79 80 83 84 128 129 27 23 39 20 17 131 107 79 58 57 60 97 143 158 178 8 14 13 20 125 123 63 52 22 92 111 144 117 52 13 9 14 56 43 20 1 82 104 53 54 44 43 101 154 141 151 150 107 57 68 78 154 134 146 87 28 128 153 100
-9999 -9999 -9999 -9999 -9999 -9999 -9999 -9999 -9999 -9999 39 22 84 -9999 -9999 -9999 -9999 54 43 103 86 53 56 49 72 29 54 24 0 64 54 81 85 66 23 56 42 8 18 3 24 62 87 149 103 91 68 66 90 127 179 147 46 59 58 114 135 70 42 8 94 106 126 122 167 141 4 72 75 56 15 19 29 35 5 38 28 29 46 78 118 121 106 105 55 45 50 171 136 140 88 112 84 115 132
-9999 -9999 -9999 -9999 -9999 -9999 -9999 -9999 -9999 -9999 -9999 -9999 -9999 -9999 -9999 180 -9999 22 26 41 138 51 26 23 55 40 90 74 48 57 17 79 92 73 28 50 29 26 35 36 16 59 89 137 126 120 117 100 77 68 157 117 67 48 45 115 120 125 53 2 77 98 119 143 176 167 116 67 81 85 24 50 21 24 28 52 27 21 27 26 43 79 101 108 69 55 65 110 148 176 135 86 26 88 158
-9999 -9999 -9999 -9999 -9999 -9999 -9999 -9999 -9999 -9999 -9999 -9999 -9999 -9999 -9999 -9999 -9999 -9999 68 78 127 25 16 11 3 7 56 107 74 46 57 77 80 63 43 153 138 158 63 24 46 73 56 67 106 123 145 137 144 11 18 90 69 29 22 30 84 64 20 12 27 95 151 138 111 60 83 66 70 37 9 84 45 1 53 32 1 19 31 47 59 90 106 105 40 45 54 5 58 148 172 102 42 30 4
-9999 -9999 -9999 -9999 -9999 -9999 -9999 -9999 -9999 -9999 -9999 -9999 -9999 -9999 -9999 -9999 -9999 180 56 18 69 112 93 56 3 4 1 65 34 12 57 88 88 56 117 124 125 167 117 1 26 14 30 74 87 96 118 59 72 42 37 100 117 19 18 3 28 67 33 3 16 13 87 91 100 84 6 77 66 43 16 31 22 61 42 29 46 60 43 52 53 84 96 91 0 48 53 20 22 77 123 119 137 179 170
-9999 -9999 -9999 -9999 -9999 -9999 -9999 -9999 -9999 -9999 -9999 -9999 -9999 -9999 -9999 -9999 -9999 180 31 12 50 69 50 0 19 28 71 119 80 23 18 127 137 142 72 67 69 127 120 61 57 30 78 94 79 29 25 10 66 0 68 83 114 145 51 1 0 38 55 6 13 7 51 53 163 137 78 57 24 51 20 22 4 85 119 104 104 114 94 55 29 74 89 113 157 63 56 47 90 43 83 139 138 164 137
-9999 -9999 -9999 -9999 -9999 -9999 -9999 -9999 -9999 -9999 -9999 -9999 -9999 -9999 -9999 -9999 -9999 -9999 22 22 22 20 16 31 112 94 69 55 83 8 34 96 109 161 92 117 104 139 125 157 40 0 65 67 34 50 13 8 123 22 92 136 118 157 84 126 58 78 178 166 38 2 21 69 155 112 12 45 24 1 72 5 49 97 134 140 114 133 175 68 35 91 104 109 73 56 55 56 18 26 78 112 123 79 76
-9999 -9999 -9999 -9999 -9999 -9999 -9999 -9999 -9999 -9999 -9999 -9999 -9999 180 -9999 -9999 -9999 -9999 180 -9999 22 9 47 55 49 28 23 46 90 34 17 76 70 121 106 93 95 106 99 64 36 13 45 23 16 27 4 18 34 32 123 125 107 157 92 129 167 106 155 160 172 55 31 58 79 93 64 69 64 74 2 3 86 97 127 163 124 126 140 64 30 77 104 85 64 61 57 23 10 73 95 3 71 70 40
-9999 -9999 -9999 -9999 -9999 -9999 -9999 -9999 -9999 -9999 -9999 -9999 -9999 180 -9999 -9999 -9999 -9999 180 180 180 -9999 180 50 57 49 27 10 124 85 14 89 44 50 31 55 97 124 105 16 36 22 14 1 10 33 4 3 28 38 14 75 71 39 84 100 115 69 117 179 168 124 38 29 71 91 78 93 99 121 49 71 84 80 85 177 130 11 90 87 33 2 105 103 25 56 33 5 48 77 15 48 55 84 111
-9999 -9999 -9999 -9999 -9999 -9999 -9999 -9999 -9999 -9999 -9999 -9999 -9999 -9999 -9999 -9999 -9999 -9999 -9999 180 -9999 180 180 73 77 139 165 9 82 25 29 56 22 71 87 78 64 118 119 72 22 49 12 32 67 48 36 8 11 30 45 103 161 125 37 4 53 72 113 158 166 148 162 2 44 151 104 95 94 99 121 102 83 68 47 9 61 39 68 95 32 25 80 147 172 70 31 53 68 31 52 57 9 123 127
