inst/extdata/EV_continuous/teraspif.asc
ncols         158
nrows         201
xllcorner     249000
yllcorner     6531500
cellsize      500
NODATA_value  -9999
[rows 43 to 85 of 201, columns 0 to 94 of 158]
-9999 -9999 -9999 -9999 -9999 -9999 -9999 -9999 -9999 -9999 -9999 -9999 -9999 -9999 -9999 -9999 -9999 -9999 -9999 -9999 -9999 -9999 -9999 -9999 -9999 -9999 -9999 -9999 64 -9999 164 110 39 45 62 2 93 159 85 38 29 7 66 70 71 92 123 123 54 43 7 112 120 116 98 61 76 70 118 125 134 125 45 39 89 115 22 37 38 34 37 57 53 90 147 115 9 16 10 7 23 12 77 156 177 124 125 168 148 43 39 9 87 86 67
-9999 -9999 -9999 -9999 -9999 -9999 -9999 -9999 -9999 -9999 -9999 -9999 -9999 -9999 -9999 -9999 -9999 -9999 -9999 -9999 -9999 -9999 -9999 -9999 -9999 -9999 34 67 161 119 151 173 110 78 35 44 42 91 96 168 32 11 26 50 39 12 103 122 28 32 21 108 121 118 102 10 8 5 90 161 177 165 140 36 3 105 84 29 25 23 20 21 56 97 142 134 107 5 14 11 8 12 15 31 156 137 102 133 140 136 27 2 63 81 31
-9999 -9999 -9999 -9999 -9999 -9999 -9999 -9999 -9999 -9999 -9999 -9999 -9999 -9999 -9999 -9999 -9999 -9999 -9999 -9999 -9999 -9999 -9999 -9999 -9999 154 5 34 38 72 153 117 22 16 22 53 34 50 33 47 50 5 22 42 35 14 45 93 44 67 18 61 83 93 179 179 160 2 56 83 145 147 134 12 17 17 63 1 31 45 26 30 64 131 147 119 110 45 9 18 15 33 18 8 3 26 16 26 160 132 79 19 67 83 68
-9999 -9999 -9999 -9999 -9999 -9999 -9999 -9999 -9999 -9999 -9999 -9999 -9999 -9999 -9999 -9999 -9999 -9999 -9999 -9999 -9999 -9999 -9999 -9999 -9999 94 4 104 110 59 4 106 61 7 7 43 52 48 42 45 116 110 77 62 55 35 5 129 139 61 52 68 69 111 127 173 166 177 147 99 109 101 136 140 47 11 61 67 76 63 14 70 79 119 131 112 104 82 28 11 41 47 29 2 1 21 0 45 58 106 77 14 68 82 71
-9999 -9999 -9999 -9999 -9999 -9999 -9999 -9999 -9999 -9999 -9999 -9999 -9999 -9999 -9999 -9999 -9999 -9999 -9999 -9999 -9999 -9999 -9999 -9999 -9999 44 91 130 161 102 76 118 159 126 148 166 125 108 105 152 179 133 92 69 55 36 52 145 95 22 67 96 167 134 137 168 164 174 165 156 143 124 178 150 168 11 1 80 101 92 29 71 77 116 141 117 103 100 63 4 59 58 38 10 9 3 17 29 8 98 98 0 36 152 83
-9999 -9999 -9999 -9999 -9999 -9999 -9999 -9999 -9999 -9999 -9999 -9999 -9999 -9999 -9999 -9999 -9999 -9999 -9999 -9999 -9999 -9999 -9999 -9999 -9999 61 66 81 174 136 50 81 115 111 158 177 125 117 129 157 110 103 113 76 60 37 23 30 64 11 70 78 94 117 147 162 162 157 167 170 135 137 134 120 107 51 63 77 73 102 11 35 25 14 72 88 102 101 99 38 54 78 178 99 132 40 31 23 7 67 104 95 105 112 85
-9999 -9999 -9999 -9999 -9999 -9999 -9999 -9999 -9999 -9999 -9999 -9999 -9999 -9999 -9999 -9999 -9999 -9999 -9999 -9999 -9999 -9999 -9999 -9999 -9999 -9999 66 54 22 82 69 11 76 93 140 154 93 100 142 127 80 78 175 43 48 13 13 8 27 55 72 64 77 62 37 110 158 157 166 155 132 134 163 150 131 165 67 22 12 28 13 10 11 0 35 17 96 105 80 69 36 2 94 100 143 178 136 13 6 15 52 106 122 126 71
-9999 -9999 -9999 -9999 -9999 -9999 -9999 -9999 -9999 -9999 -9999 -9999 -9999 -9999 -9999 -9999 -9999 -9999 -9999 -9999 -9999 -9999 -9999 -9999 -9999 109 109 97 25 73 83 52 71 65 67 61 88 89 101 91 19 54 78 21 39 21 7 5 41 48 32 97 98 96 58 61 178 166 169 156 146 147 148 171 155 160 97 19 39 20 7 10 18 7 24 1 44 95 82 83 69 38 58 73 95 164 171 166 36 35 69 105 123 142 118
-9999 -9999 -9999 -9999 -9999 -9999 -9999 -9999 -9999 -9999 -9999 -9999 -9999 -9999 -9999 -9999 -9999 -9999 -9999 -9999 -9999 -9999 -9999 -9999 -9999 61 19 18 30 71 119 90 69 40 33 84 95 82 84 82 61 71 92 17 29 26 4 4 48 57 71 76 80 105 95 99 116 165 170 147 137 146 167 152 155 155 166 179 178 158 122 4 23 3 22 6 31 58 53 77 164 96 66 59 57 157 169 167 163 125 90 84 114 135 154
-9999 -9999 -9999 -9999 -9999 -9999 -9999 -9999 148 -9999 -9999 -9999 -9999 -9999 -9999 -9999 -9999 -9999 -9999 -9999 -9999 -9999 -9999 -9999 -9999 38 17 18 33 163 157 77 58 59 79 82 74 45 81 69 85 42 69 14 8 11 10 35 15 71 51 52 21 17 68 103 119 170 157 126 126 148 150 82 115 124 179 178 178 171 130 73 27 0 3 7 54 58 3 16 102 107 88 72 91 152 162 173 157 154 109 76 92 121 149
-9999 -9999 -9999 -9999 -9999 -9999 -9999 -9999 67 112 -9999 -9999 -9999 -9999 -9999 -9999 -9999 -9999 -9999 -9999 -9999 -9999 -9999 -9999 133 105 152 155 86 146 99 38 15 72 101 53 11 57 81 33 49 61 70 23 17 27 39 41 18 41 50 34 9 50 82 139 139 67 26 113 153 167 149 170 108 118 112 35 125 169 135 127 33 17 16 24 54 29 56 51 91 111 123 109 112 154 152 164 179 150 89 79 78 93 141
-9999 -9999 -9999 -9999 -9999 -9999 -9999 22 21 163 -9999 -9999 -9999 -9999 -9999 -9999 -9999 -9999 -9999 -9999 -9999 -9999 -9999 -9999 104 127 166 146 62 84 102 57 48 79 121 56 18 61 72 40 37 71 87 38 52 69 75 63 83 132 130 82 62 59 58 37 89 70 41 65 149 145 140 157 140 125 143 122 67 108 138 136 159 37 7 36 24 38 60 80 80 93 110 115 111 146 148 179 149 133 50 62 59 65 105
-9999 -9999 -9999 -9999 -9999 -9999 -9999 180 -9999 97 169 146 -9999 -9999 -9999 -9999 -9999 -9999 -9999 -9999 -9999 -9999 -9999 -9999 64 78 119 125 77 129 142 107 99 74 15 71 65 83 70 67 60 87 92 157 80 89 126 104 93 127 137 104 134 59 27 0 41 70 62 15 44 117 130 138 138 126 142 172 133 0 113 149 152 67 10 39 94 67 49 77 88 88 91 94 88 118 151 172 153 148 174 74 61 60 63
-9999 -9999 -9999 -9999 -9999 -9999 -9999 -9999 -9999 43 72 114 -9999 -9999 -9999 -9999 -9999 -9999 -9999 -9999 -9999 -9999 -9999 -9999 42 14 76 149 78 125 98 50 80 58 47 29 63 96 125 96 58 69 60 100 85 87 120 94 69 68 124 74 100 165 28 8 15 26 136 96 89 153 131 145 160 147 144 126 93 31 18 134 132 122 45 79 101 38 39 55 70 73 64 63 71 81 133 166 146 140 161 79 58 52 37
-9999 -9999 -9999 -9999 -9999 -9999 -9999 -9999 -9999 82 143 139 -9999 -9999 -9999 -9999 -9999 -9999 -9999 -9999 -9999 -9999 -9999 -9999 105 63 118 129 37 70 85 60 67 44 70 6 56 76 84 45 69 63 4 54 68 63 26 25 12 26 1 33 56 151 144 18 36 71 152 97 19 47 146 173 162 151 158 166 117 83 6 33 90 110 51 30 24 9 40 52 51 43 34 40 60 65 42 116 123 120 133 109 54 41 42
-9999 -9999 -9999 -9999 -9999 -9999 -9999 -9999 115 116 159 145 166 -9999 -9999 -9999 -9999 -9999 -9999 -9999 -9999 -9999 -9999 100 112 72 98 98 19 56 71 56 34 52 42 8 58 20 51 62 78 97 137 136 57 49 146 107 108 63 1 61 68 52 117 155 69 31 45 71 13 9 40 176 142 141 161 150 124 117 48 49 84 114 84 18 2 56 81 104 112 99 98 67 64 55 5 26 103 127 144 137 73 50 52
-9999 -9999 -9999 -9999 -9999 -9999 -9999 109 92 103 123 100 85 41 46 71 -9999 -9999 -9999 -9999 -9999 154 106 69 19 43 36 148 150 170 164 41 8 46 17 2 28 4 44 70 54 45 94 161 121 89 129 152 163 165 142 83 70 42 111 140 87 31 46 41 70 35 44 63 111 117 126 125 137 150 155 136 114 124 134 9 9 47 82 104 129 126 140 110 61 40 19 52 60 97 123 162 72 79 72
-9999 -9999 -9999 -9999 -9999 -9999 87 87 65 22 74 70 -9999 99 63 68 -9999 -9999 -9999 -9999 -9999 124 124 114 10 46 40 96 116 164 148 127 31 43 17 9 20 1 0 55 35 64 78 174 117 86 98 166 148 166 128 107 69 106 163 151 144 127 106 31 98 56 54 33 112 108 94 143 173 159 159 144 114 92 121 150 25 61 74 74 78 84 98 117 62 41 7 66 48 43 68 41 71 88 95
-9999 -9999 -9999 -9999 -9999 -9999 55 75 64 35 80 -9999 -9999 101 86 74 78 -9999 -9999 -9999 26 20 112 112 38 64 70 62 53 42 99 107 140 121 145 122 52 13 9 64 83 74 66 64 45 63 51 50 64 122 104 137 108 80 128 176 170 143 122 26 30 40 49 11 124 124 111 71 148 133 153 144 128 114 80 91 134 76 68 52 48 33 40 54 71 35 20 58 46 31 33 1 68 76 70
-9999 -9999 -9999 -9999 -9999 -9999 32 64 62 95 110 -9999 58 43 81 74 67 -9999 -9999 124 69 10 78 103 56 54 33 37 57 69 91 83 64 81 162 168 175 153 134 169 112 76 69 89 49 53 25 54 16 52 54 6 1 49 57 172 178 148 117 96 39 23 30 2 73 120 117 26 66 106 127 112 109 119 119 102 126 90 83 55 44 25 32 57 67 28 37 78 46 13 7 72 71 63 41
-9999 -9999 -9999 -9999 -9999 -9999 109 96 68 84 102 -9999 101 106 102 88 85 92 175 130 114 48 43 88 170 47 2 14 17 54 90 88 116 119 176 130 177 176 97 157 119 95 111 162 97 61 20 49 15 52 28 12 58 67 46 57 178 138 134 125 79 43 48 17 39 86 91 24 100 95 85 79 73 83 96 105 108 90 92 99 45 43 51 55 18 74 24 83 62 3 15 62 61 44 32
-9999 -9999 -9999 -9999 -9999 -9999 118 129 156 88 80 -9999 115 115 93 92 79 71 14 112 113 96 38 67 146 168 177 23 4 28 73 144 130 143 146 93 161 113 3 77 107 97 98 140 83 57 35 70 30 35 4 53 86 100 30 42 37 147 146 123 72 64 87 97 66 101 114 30 63 94 107 104 92 81 72 63 81 77 77 166 69 50 31 24 6 72 33 67 67 5 35 66 46 42 32
-9999 -9999 -9999 -9999 -9999 123 119 146 134 117 -9999 79 105 130 90 34 28 27 64 84 98 106 112 72 92 167 144 120 44 26 108 103 105 144 160 153 167 110 10 69 75 81 91 124 90 58 76 172 77 17 3 36 53 77 24 57 62 137 130 133 146 51 47 123 112 108 118 83 52 51 119 122 111 91 133 101 119 127 102 175 59 32 13 14 24 60 70 71 70 7 60 63 6 62 83
-9999 -9999 -9999 -9999 -9999 96 110 170 119 119 -9999 103 123 71 18 18 32 12 42 70 84 98 41 40 7 20 61 71 74 98 73 52 0 36 177 163 131 107 70 70 50 58 58 108 98 55 68 140 105 1 3 30 32 15 2 45 27 38 86 132 144 117 36 25 96 65 68 65 34 16 100 113 112 105 87 89 109 146 160 105 83 55 68 69 43 33 72 86 90 46 55 40 7 56 64
-9999 -9999 -9999 -9999 69 71 55 76 95 107 -9999 85 136 16 26 11 34 20 55 72 65 74 29 1 20 7 46 145 144 22 7 13 26 29 25 50 42 92 61 72 65 56 22 79 82 37 43 61 104 80 34 33 26 2 1 16 14 27 45 60 108 134 61 28 78 63 76 74 4 8 106 114 107 95 73 69 65 104 147 141 150 93 91 101 31 20 59 93 105 49 54 52 18 45 35
-9999 -9999 -9999 -9999 86 57 11 69 76 81 45 39 18 148 168 102 24 34 68 92 68 63 67 161 117 119 120 139 139 99 15 11 14 35 51 56 27 70 72 71 54 56 27 94 104 32 30 5 1 138 112 37 22 10 5 12 18 18 39 33 79 119 67 57 67 49 104 92 0 10 102 109 102 67 66 63 58 63 141 138 129 62 51 40 19 19 43 54 82 96 82 69 67 66 68
-9999 112 116 98 84 53 24 85 76 -9999 67 54 42 58 131 149 104 36 48 84 80 139 142 174 95 85 7 26 64 85 59 16 26 40 70 87 28 39 67 39 16 39 19 73 100 38 41 13 16 53 77 48 71 44 8 18 17 12 14 26 54 65 72 70 45 22 79 83 26 5 38 99 106 112 87 79 65 37 43 99 84 50 44 20 15 13 54 49 49 94 100 89 81 79 67
180 95 111 55 16 35 35 99 106 121 99 96 59 27 59 61 137 37 70 96 103 132 140 53 82 30 45 38 50 56 62 115 107 90 107 102 94 103 102 81 17 15 2 28 69 68 55 16 16 23 27 72 103 161 132 10 1 3 16 41 49 52 76 85 66 45 48 46 44 23 35 76 93 94 97 103 81 20 15 73 77 60 32 10 28 6 73 146 103 77 66 78 92 99 90
-9999 77 95 105 8 35 33 89 87 86 101 166 65 14 67 46 136 72 52 159 101 112 91 75 87 70 31 90 104 98 105 99 67 74 115 116 97 106 131 145 167 81 7 5 6 22 4 5 15 12 56 79 71 58 86 66 8 24 0 41 38 38 72 75 98 86 64 0 50 84 58 65 72 80 82 90 27 2 13 63 157 69 51 39 32 6 73 105 114 72 49 58 86 100 84
-9999 81 100 116 41 34 33 82 40 63 77 157 106 163 137 82 112 95 18 78 32 64 59 87 131 100 117 109 103 116 119 157 71 38 87 120 92 95 123 135 168 157 165 118 42 32 13 18 24 52 76 59 7 47 68 90 46 36 20 37 24 1 115 92 91 124 152 98 31 86 92 84 22 66 62 36 43 30 1 22 18 21 23 24 49 87 109 87 67 62 71 63 61 43 30
-9999 52 3 76 61 24 28 83 -9999 91 95 165 127 163 125 17 59 64 28 3 18 87 71 64 103 134 175 101 168 117 94 19 50 48 75 124 104 104 125 162 159 158 155 164 140 79 6 45 40 37 45 48 44 94 74 55 23 13 27 24 69 107 177 122 111 168 149 119 63 73 87 67 110 75 51 6 29 17 34 36 1 51 43 24 46 71 112 19 51 99 97 31 33 18 8
-9999 10 20 52 -9999 22 22 -9999 -9999 85 98 128 71 86 76 35 58 24 11 30 13 62 39 35 6 95 145 132 118 165 112 49 9 0 117 130 110 86 98 169 174 129 143 170 132 119 65 66 57 9 17 18 0 47 81 60 33 29 43 107 97 89 145 136 166 152 169 137 111 84 90 108 120 108 88 84 122 133 133 147 77 39 16 5 37 25 39 20 60 84 134 149 32 24 9
-9999 -9999 -9999 -9999 -9999 -9999 -9999 -9999 -9999 66 58 22 67 86 79 49 53 22 53 49 53 56 98 57 6 19 61 67 14 46 93 108 92 107 95 35 13 33 18 7 122 103 108 129 120 119 81 87 102 177 40 13 9 17 44 112 108 122 133 136 105 78 148 150 138 138 160 128 103 72 88 90 114 145 138 115 119 154 152 167 172 107 67 32 40 8 9 55 73 66 92 178 115 3 3
-9999 -9999 -9999 -9999 -9999 -9999 -9999 -9999 70 64 40 8 69 111 135 175 157 22 67 112 109 132 171 81 2 4 52 40 15 22 94 99 58 32 14 40 11 34 29 56 88 87 17 79 119 165 158 92 117 163 144 154 179 4 20 69 91 107 133 169 53 73 155 179 138 116 117 108 100 48 112 83 100 156 176 130 90 155 153 153 177 149 155 166 76 22 45 56 46 23 10 13 86 36 11
-9999 -9999 -9999 -9999 -9999 -9999 -9999 -9999 69 52 4 10 0 145 170 171 142 157 112 95 94 107 85 63 107 175 114 143 99 179 101 79 14 0 31 53 23 44 59 85 102 67 82 78 125 166 178 124 125 162 132 164 170 171 121 107 107 61 33 159 134 82 93 134 149 177 125 119 120 168 98 89 96 166 152 161 113 146 154 148 161 175 176 157 179 171 53 53 42 7 9 9 49 77 26
-9999 -9999 -9999 -9999 -9999 -9999 157 -9999 81 73 39 2 11 3 83 131 139 157 128 86 75 67 133 134 124 92 161 134 124 97 74 179 157 94 141 165 102 86 90 101 154 101 140 174 116 134 176 155 108 147 145 176 163 174 136 127 155 124 107 119 153 62 18 59 112 122 119 126 129 150 74 71 70 133 151 150 129 159 130 135 164 163 137 51 170 132 15 42 20 8 24 18 16 37 82
-9999 -9999 -9999 -9999 -9999 -9999 180 76 71 51 91 31 20 2 10 44 106 166 140 114 102 119 166 178 80 34 22 13 31 80 36 112 170 117 139 134 95 85 84 83 138 168 145 153 136 99 163 110 48 80 173 147 141 158 122 144 157 161 177 51 35 68 18 43 55 112 87 92 107 119 81 77 64 24 179 138 153 179 115 130 160 166 161 171 86 116 170 29 14 1 5 21 11 6 22
-9999 -9999 -9999 -9999 -9999 -9999 -9999 47 34 3 32 76 94 11 1 21 22 45 110 130 147 115 53 93 127 151 92 30 32 67 22 28 30 42 28 80 66 65 49 17 14 26 73 58 95 93 125 102 68 69 78 96 174 126 110 159 160 144 98 18 85 134 85 46 47 99 85 77 84 109 89 90 102 108 12 22 56 128 104 112 179 158 153 154 146 138 123 61 36 3 21 11 6 4 2
-9999 -9999 -9999 -9999 -9999 -9999 -9999 -9999 51 22 39 73 117 165 92 22 16 39 55 90 151 167 95 117 128 149 157 144 180 180 180 22 4 14 19 128 89 63 51 7 16 54 64 41 45 64 121 147 100 105 125 125 107 100 111 159 161 104 86 44 73 124 99 37 16 70 69 63 76 89 88 82 83 117 44 21 62 102 146 69 139 146 162 155 161 152 116 127 58 11 4 70 18 33 26
-9999 -9999 -9999 -9999 -9999 -9999 -9999 80 109 81 54 58 90 143 124 101 18 24 43 58 121 176 159 176 100 120 133 144 157 180 180 180 180 180 67 78 54 41 37 16 61 72 82 88 45 34 68 129 66 60 149 178 112 59 60 118 151 137 155 132 34 75 93 38 17 63 64 49 112 102 91 83 87 130 114 38 54 41 54 8 22 28 168 152 148 141 145 151 149 165 94 126 153 133 141
-9999 -9999 -9999 -9999 -9999 -9999 -9999 -9999 13 36 67 67 57 104 138 149 67 13 34 36 45 160 151 178 98 157 111 111 112 180 180 180 112 157 124 101 125 35 43 59 85 80 16 94 38 28 29 46 30 48 77 172 137 121 61 23 105 153 150 111 25 66 65 6 42 65 159 176 124 74 60 55 40 87 111 66 47 4 19 67 74 22 30 127 141 145 150 143 156 161 90 58 103 141 154
-9999 -9999 -9999 -9999 -9999 -9999 -9999 35 55 84 66 66 73 106 167 150 124 15 18 20 23 17 115 168 112 153 126 102 67 180 180 180 81 141 118 125 124 73 76 72 66 53 42 86 20 13 5 15 67 63 43 7 65 130 129 56 1 73 97 82 58 70 55 15 19 125 135 168 137 26 30 38 25 45 78 13 33 30 66 144 107 71 49 47 179 164 153 159 150 146 122 16 38 53 153
-9999 -9999 -9999 -9999 -9999 -9999 -9999 -9999 81 120 170 59 39 112 130 133 110 64 22 31 34 34 38 142 81 20 104 127 160 157 180 180 44 4 36 4 101 53 43 40 46 19 55 47 9 14 38 63 9 31 43 14 45 60 101 109 123 107 100 82 68 81 150 135 131 126 108 121 116 61 48 46 36 13 74 109 74 45 45 19 92 52 19 39 95 171 151 153 117 124 112 11 34 25 53
