inst/extdata/EV_continuous/terdem.asc
ncols         158
nrows         201
xllcorner     249000
yllcorner     6531500
cellsize      500
NODATA_value  -9999
[rows 84 to 125 of 201, columns 0 to 93 of 158]
-9999 -9999 -9999 -9999 -9999 -9999 -9999 0 4 4 18 24 34 30 30 28 21 17 22 27 38 52 48 45 49 52 48 25 25 25 25 25 25 45 25 62 39 25 53 57 104 101 101 105 88 109 104 112 111 130 150 120 171 163 173 179 158 201 159 117 100 101 27 24 24 35 94 106 24 48 65 108 130 136 127 125 134 137 147 152 147 136 140 164 140 153 119 115 122 120 101 107 110 134
-9999 -9999 -9999 -9999 -9999 -9999 -9999 -9999 0 26 7 19 39 29 30 34 20 12 13 19 25 41 50 51 49 54 57 25 25 25 25 25 25 38 35 59 35 27 62 74 83 100 104 88 91 95 90 114 94 141 133 119 134 180 197 165 176 155 139 88 105 24 24 25 47 123 118 144 32 30 52 81 125 133 122 119 125 137 138 150 138 137 138 138 160 155 150 120 133 122 102 99 103 125
-9999 -9999 -9999 -9999 -9999 -9999 -9999 -9999 0 35 11 25 26 29 40 33 20 11 12 20 24 33 46 51 50 46 36 43 26 25 25 25 25 25 25 38 37 31 28 41 84 99 83 76 86 90 81 131 94 92 131 116 119 180 169 164 190 182 156 71 70 24 61 108 153 103 110 123 23 55 41 84 100 120 120 141 130 134 138 150 139 132 132 141 157 169 173 118 128 129 101 98 96 111
-9999 -9999 -9999 -9999 -9999 -9999 -9999 -9999 0 16 6 43 19 31 27 34 17 10 17 19 24 25 33 39 37 38 51 41 25 25 25 25 25 36 25 38 59 61 34 64 68 107 64 86 94 88 85 95 100 77 107 119 121 170 128 125 160 158 135 24 24 24 105 161 163 82 60 88 35 98 58 93 99 89 134 138 146 137 128 155 133 123 130 138 142 164 154 115 126 121 116 103 107 106
-9999 -9999 -9999 -9999 -9999 -9999 -9999 -9999 0 5 64 51 16 25 29 33 22 7 9 16 16 21 20 25 19 27 25 34 32 26 27 25 39 41 25 39 50 65 43 68 83 90 70 86 96 81 104 73 105 73 94 91 109 176 142 135 138 126 57 22 24 115 143 163 132 72 50 24 84 114 99 92 89 85 135 152 153 142 133 126 133 127 127 133 131 139 140 120 143 131 119 109 101 113
-9999 -9999 -9999 -9999 -9999 -9999 -9999 -9999 0 14 64 29 31 29 25 35 15 6 7 10 10 9 12 17 17 20 20 24 35 48 39 40 37 38 27 38 52 63 25 100 82 55 81 88 115 83 99 70 86 75 74 79 80 129 107 78 75 23 24 24 80 123 148 159 124 56 24 38 97 108 103 101 88 80 99 155 152 156 132 126 130 132 129 129 132 139 141 132 149 140 117 103 106 99
-9999 -9999 -9999 -9999 -9999 -9999 -9999 -9999 0 13 24 16 35 28 20 38 19 10 16 9 9 5 8 9 29 20 21 20 34 39 44 53 44 41 46 49 55 62 25 67 78 62 89 87 102 87 75 62 83 93 73 106 96 118 100 52 24 24 24 85 121 104 134 100 43 35 30 58 101 96 112 102 110 110 83 177 158 160 140 119 123 125 128 124 134 142 137 116 139 136 119 99 111 99
-9999 -9999 -9999 -9999 -9999 -9999 -9999 -9999 0 37 24 10 24 34 26 10 1 0 1 5 6 4 7 21 17 20 19 32 28 30 32 33 32 55 54 50 65 52 38 56 47 83 92 69 90 100 80 81 102 92 67 29 74 83 27 24 54 42 36 53 131 68 92 42 43 24 42 50 60 98 103 92 117 163 128 119 155 175 139 121 135 121 128 126 131 135 125 117 124 124 119 103 110 101
-9999 -9999 -9999 -9999 -9999 -9999 -9999 -9999 0 39 20 18 34 31 27 8 0 0 0 5 7 9 24 19 23 18 20 41 37 14 4 19 17 30 46 62 60 63 52 52 72 83 67 71 108 80 77 59 52 20 72 24 24 24 63 83 125 73 70 60 74 42 42 60 24 40 46 51 59 76 92 104 123 124 135 127 130 172 147 158 155 133 128 131 132 140 126 119 134 125 117 100 113 112
-9999 -9999 -9999 -9999 -9999 -9999 0 25 0 27 35 12 26 33 13 0 0 -9999 3 11 17 16 36 20 20 15 28 23 10 6 56 34 11 16 29 35 36 51 36 46 67 65 79 67 88 51 33 73 19 80 54 24 24 24 76 85 67 77 107 39 83 38 42 58 24 40 53 58 53 68 80 91 109 112 132 148 125 185 146 167 174 140 139 135 144 120 129 128 144 120 118 114 113 115
-9999 -9999 -9999 -9999 -9999 0 0 0 0 6 19 11 18 36 21 0 -9999 -9999 8 6 29 20 43 21 15 19 20 15 5 38 53 28 9 20 18 17 20 27 24 34 53 76 87 64 63 18 23 63 122 116 97 57 24 49 46 98 59 41 37 49 43 39 70 54 24 51 49 61 65 80 100 76 91 90 119 144 134 119 127 172 174 157 151 159 135 137 115 141 149 137 121 114 113 122
-9999 -9999 -9999 -9999 -9999 0 3 0 -9999 3 14 19 17 27 0 -9999 0 0 0 7 20 20 22 14 24 22 17 16 6 53 59 49 25 8 21 13 12 15 23 29 57 82 70 26 24 42 65 102 128 118 85 24 24 57 53 24 59 41 57 58 59 61 73 43 24 42 44 76 86 122 129 68 73 94 109 134 125 121 119 168 177 169 168 185 160 141 131 121 149 166 120 116 110 115
-9999 -9999 -9999 -9999 -9999 0 2 15 -9999 0 0 16 11 0 -9999 -9999 0 0 0 12 25 18 26 19 3 3 4 5 36 47 60 52 21 3 10 13 22 25 35 28 30 27 7 9 46 59 71 124 135 132 98 24 24 24 25 24 24 61 67 65 55 55 35 84 32 24 54 100 91 108 59 60 87 104 117 117 119 118 125 152 175 162 190 177 168 138 203 121 131 159 125 114 113 115
-9999 -9999 -9999 -9999 -9999 -9999 -9999 -9999 -9999 -9999 3 21 0 -9999 0 0 0 2 7 7 9 0 0 0 20 15 6 21 48 49 42 24 19 5 8 8 19 26 29 22 9 6 11 41 67 87 91 127 134 75 24 56 24 24 55 24 44 58 60 59 60 70 52 49 40 24 93 92 94 82 56 90 116 107 104 93 80 130 135 156 161 139 203 219 143 170 164 163 114 166 122 118 119 114
-9999 -9999 -9999 -9999 -9999 -9999 -9999 -9999 -9999 -9999 0 16 0 0 0 0 3 6 0 5 5 0 0 9 18 12 20 50 64 40 31 41 25 8 3 7 10 18 31 12 14 20 6 43 60 72 37 109 112 50 31 37 24 24 37 24 45 43 62 43 55 95 24 41 24 55 86 92 79 65 58 78 88 74 129 80 79 115 140 171 137 98 179 208 221 175 180 157 149 102 113 115 121 112
-9999 -9999 -9999 -9999 -9999 -9999 -9999 -9999 0 0 2 1 0 -9999 0 16 18 0 0 5 0 0 7 27 32 19 40 45 37 30 63 30 39 10 11 15 12 11 15 18 34 37 13 19 44 26 63 114 80 61 37 47 43 24 24 35 35 48 40 57 62 84 47 56 27 62 85 92 77 63 61 80 59 82 104 89 83 105 125 149 162 126 172 198 207 163 180 172 174 115 102 118 118 114
-9999 -9999 -9999 -9999 -9999 -9999 -9999 0 16 15 0 0 0 -9999 0 0 0 -9999 0 -9999 0 10 37 31 30 26 56 29 52 70 50 26 33 3 16 15 7 13 24 21 60 62 36 13 19 19 46 92 61 96 53 43 52 24 50 24 72 67 40 40 105 57 43 24 45 63 85 77 61 61 81 61 61 60 75 76 91 138 126 135 103 144 143 178 192 181 187 174 162 133 102 113 111 114
-9999 -9999 -9999 -9999 -9999 -9999 -9999 0 0 0 -9999 0 -9999 -9999 -9999 -9999 -9999 -9999 -9999 0 28 28 24 32 41 20 61 70 75 63 18 17 19 33 4 9 41 27 50 39 48 54 54 5 20 17 41 13 50 100 60 48 43 26 24 24 64 55 40 98 91 62 24 24 44 69 102 70 52 57 53 39 70 64 89 79 99 133 116 122 129 157 156 158 169 161 186 180 165 156 118 102 108 107
-9999 -9999 -9999 -9999 -9999 -9999 -9999 0 0 0 -9999 -9999 -9999 -9999 -9999 -9999 -9999 -9999 0 25 39 29 20 22 55 79 91 107 72 58 13 29 62 29 9 20 43 39 52 64 49 53 39 35 11 10 16 20 85 84 73 57 47 44 24 51 79 53 77 100 96 58 24 24 39 63 71 81 51 40 48 54 50 45 72 90 104 135 130 65 145 137 166 156 117 147 179 170 153 152 122 102 111 114
-9999 -9999 -9999 -9999 -9999 -9999 -9999 -9999 -9999 0 -9999 -9999 -9999 -9999 -9999 -9999 -9999 0 19 20 30 44 23 23 44 67 96 104 78 15 59 56 75 11 15 6 20 62 60 45 54 62 71 61 7 4 10 18 64 82 78 69 58 43 29 59 74 46 79 62 64 72 24 31 24 42 71 73 54 35 40 57 42 43 111 105 103 116 104 112 129 122 141 135 138 125 150 162 142 129 118 109 107 116
-9999 -9999 -9999 -9999 -9999 -9999 -9999 -9999 -9999 0 0 -9999 -9999 -9999 -9999 -9999 0 0 10 26 42 41 20 23 61 72 71 86 19 66 70 39 44 46 14 14 64 48 59 48 57 75 65 36 32 37 5 15 32 48 57 79 61 44 47 76 79 62 72 45 55 24 24 46 24 33 67 58 41 42 39 36 47 41 121 89 80 123 57 101 127 108 120 123 133 123 123 142 138 119 117 112 106 116
-9999 -9999 -9999 -9999 -9999 -9999 -9999 -9999 -9999 0 0 -9999 -9999 -9999 -9999 0 0 0 19 38 29 20 46 40 54 74 20 60 83 66 51 33 46 40 50 20 62 48 63 40 79 68 22 37 75 61 4 9 22 36 33 61 39 61 40 49 45 52 40 40 24 43 27 43 24 45 57 43 26 26 24 51 48 42 66 73 63 56 59 73 96 101 119 120 127 139 121 120 119 120 120 120 115 114
-9999 -9999 -9999 -9999 -9999 -9999 -9999 -9999 -9999 0 -9999 -9999 -9999 0 -9999 2 19 4 20 25 15 35 62 44 44 21 59 60 84 60 58 34 50 29 44 20 38 43 35 57 66 39 73 85 74 31 23 9 19 24 44 39 39 58 35 27 31 33 35 29 24 46 24 42 24 35 24 50 49 49 52 61 49 38 47 45 39 60 77 83 86 118 146 150 158 142 129 112 134 135 119 118 117 113
-9999 -9999 -9999 -9999 -9999 -9999 -9999 -9999 -9999 -9999 -9999 -9999 -9999 -9999 -9999 0 0 8 20 10 27 41 54 60 14 25 60 60 84 44 55 31 30 31 30 13 29 37 36 49 41 66 77 104 73 38 26 2 2 17 53 38 65 78 54 24 36 21 42 50 37 24 42 26 24 38 26 61 52 57 51 60 38 38 69 40 57 39 64 82 134 116 138 174 169 163 125 116 139 156 146 121 121 115
-9999 -9999 -9999 -9999 -9999 -9999 -9999 -9999 -9999 -9999 -9999 -9999 -9999 -9999 0 0 0 4 9 21 41 40 34 14 11 23 56 61 70 60 30 34 33 29 29 20 42 64 39 40 61 65 98 101 89 57 25 8 9 39 54 32 65 80 45 20 37 24 46 49 41 25 36 36 40 24 45 59 51 48 43 39 38 38 38 38 50 41 59 74 114 120 141 183 161 162 112 132 135 168 160 132 120 115
-9999 -9999 -9999 -9999 -9999 -9999 -9999 -9999 -9999 -9999 -9999 -9999 -9999 -9999 -9999 0 0 7 17 19 28 23 2 8 23 20 54 56 47 39 29 30 49 41 40 6 37 45 55 48 67 69 102 100 86 75 26 25 4 41 26 45 71 54 45 19 25 25 44 33 33 29 32 58 54 49 55 60 60 52 38 38 38 57 66 52 41 42 64 73 120 126 119 142 140 143 121 155 145 138 139 138 123 120
-9999 -9999 -9999 -9999 -9999 -9999 -9999 -9999 -9999 -9999 -9999 -9999 -9999 -9999 -9999 9 1 22 21 30 25 21 5 12 28 27 34 42 30 30 27 36 44 30 23 18 42 61 57 49 41 85 104 109 62 58 32 20 17 6 22 27 44 20 22 16 5 4 26 28 18 45 56 49 53 45 50 69 60 46 38 38 42 83 119 53 46 70 90 103 91 128 124 131 128 110 128 130 158 140 159 154 142 122
-9999 -9999 -9999 -9999 -9999 -9999 -9999 -9999 -9999 -9999 -9999 -9999 -9999 -9999 0 20 0 21 29 37 24 10 19 28 42 33 20 27 26 31 20 48 12 10 24 25 36 69 44 35 68 76 88 59 64 40 47 21 20 4 9 18 9 7 9 3 20 12 13 29 33 37 39 64 55 53 59 82 80 46 38 38 62 80 79 55 53 83 110 123 89 100 130 121 113 95 149 151 167 136 143 172 165 122
-9999 -9999 -9999 -9999 -9999 -9999 -9999 -9999 -9999 -9999 -9999 0 0 -9999 0 0 12 13 38 45 0 11 31 26 29 30 24 20 35 28 23 10 16 17 20 19 34 31 38 61 61 90 67 64 47 55 20 18 6 8 12 12 19 39 24 11 26 25 17 28 30 40 30 54 66 60 65 65 64 51 38 38 58 81 97 76 77 112 87 105 89 95 101 105 118 87 123 167 163 160 148 155 166 156
-9999 -9999 -9999 -9999 -9999 -9999 -9999 -9999 -9999 -9999 9 12 -9999 -9999 -9999 0 14 18 41 11 19 46 21 26 27 29 35 33 29 16 45 20 19 19 14 17 39 38 30 60 77 83 62 63 36 24 20 7 10 12 20 16 20 24 20 10 22 42 47 29 57 38 31 38 61 72 71 52 38 38 38 60 61 66 89 69 73 85 87 95 108 98 122 100 100 87 118 172 140 160 146 148 175 147
-9999 -9999 -9999 -9999 -9999 -9999 -9999 -9999 -9999 -9999 14 16 -9999 -9999 -9999 0 18 28 51 23 56 60 39 24 30 34 41 38 18 31 53 39 46 23 31 18 23 42 44 82 68 50 50 19 35 21 19 16 9 15 15 32 32 33 30 17 12 40 29 42 57 40 31 38 47 80 87 82 38 38 61 46 56 60 65 87 80 108 111 101 98 111 127 109 102 105 124 126 171 156 148 170 160 166
-9999 -9999 -9999 -9999 -9999 -9999 -9999 -9999 -9999 0 18 31 0 -9999 -9999 20 22 25 0 45 56 81 40 57 44 39 39 41 25 38 71 73 80 75 12 18 35 29 45 68 67 55 22 18 18 30 11 16 30 19 15 44 60 82 37 21 31 28 30 49 54 40 39 36 39 82 89 60 38 38 63 60 55 66 78 80 96 119 139 103 124 122 116 138 100 120 116 115 175 159 127 175 155 166
-9999 -9999 -9999 -9999 -9999 -9999 -9999 -9999 -9999 0 37 13 -9999 -9999 0 0 0 0 0 54 67 63 59 70 50 42 56 37 41 27 88 85 82 63 4 13 39 20 42 50 69 45 23 15 12 4 7 24 38 23 19 31 69 81 65 28 21 30 34 40 45 46 38 42 34 90 75 80 76 72 80 67 80 79 79 79 100 102 120 107 108 115 135 133 90 150 158 128 120 162 162 163 169 151
-9999 -9999 -9999 -9999 -9999 -9999 -9999 -9999 -9999 0 20 0 -9999 -9999 0 0 0 -9999 0 15 59 60 73 65 71 60 69 48 33 35 81 105 60 56 9 9 40 18 23 57 59 30 26 20 6 9 16 19 17 18 16 39 42 90 79 23 20 41 56 50 60 37 52 29 28 62 57 48 61 87 80 87 79 79 81 104 113 123 112 127 109 108 122 142 115 138 148 132 125 120 153 179 165 138
-9999 -9999 -9999 -9999 -9999 -9999 -9999 -9999 -9999 0 4 -9999 -9999 -9999 -9999 0 0 0 0 0 44 66 70 91 105 50 54 39 44 39 98 94 104 44 10 4 29 12 41 53 59 35 17 15 3 14 23 16 26 22 19 34 60 103 50 57 20 30 67 105 90 35 30 26 21 24 55 33 39 97 95 99 100 79 87 100 126 127 137 118 127 117 107 129 110 134 159 134 145 119 119 195 137 139
-9999 -9999 -9999 -9999 -9999 -9999 -9999 -9999 -9999 -9999 0 22 0 -9999 -9999 0 0 0 23 22 0 34 69 104 82 81 54 76 67 55 92 102 82 26 19 8 27 10 41 51 23 56 32 3 8 15 17 31 31 30 32 17 33 35 64 63 41 19 91 91 70 40 34 21 18 18 20 22 37 77 88 107 95 79 84 95 126 122 138 133 142 149 154 98 108 154 163 173 132 145 145 139 162 163
-9999 -9999 -9999 -9999 -9999 -9999 -9999 -9999 -9999 -9999 0 10 0 -9999 -9999 -9999 -9999 0 40 24 4 0 76 110 54 58 59 50 60 64 103 100 36 9 28 21 11 7 21 24 42 62 2 2 8 12 14 30 39 41 43 28 18 38 74 50 36 30 41 82 61 39 49 23 14 18 17 22 42 60 78 81 85 87 80 92 113 116 143 147 150 146 161 99 102 151 135 177 144 127 154 147 155 160
-9999 -9999 -9999 -9999 -9999 -9999 -9999 -9999 -9999 -9999 -9999 -9999 -9999 -9999 -9999 0 -9999 0 0 26 0 0 67 73 49 54 57 39 39 66 90 67 28 7 10 0 2 2 11 17 31 8 13 11 17 14 21 25 37 39 55 45 15 33 60 60 55 39 39 76 47 47 36 27 21 26 18 15 63 58 74 60 61 60 61 78 101 106 122 140 154 163 137 97 104 122 159 175 164 148 142 160 161 159
-9999 -9999 -9999 -9999 -9999 -9999 -9999 -9999 -9999 -9999 -9999 -9999 -9999 -9999 -9999 -9999 -9999 -9999 0 21 29 0 0 21 56 54 55 42 42 73 71 45 19 5 7 0 1 5 6 18 23 9 11 17 13 23 37 38 38 43 41 44 0 24 53 63 34 34 40 45 40 53 31 52 20 38 15 9 71 57 75 62 57 58 59 98 85 98 109 127 138 157 133 97 125 112 154 171 163 171 159 150 157 138
-9999 -9999 -9999 -9999 -9999 -9999 -9999 -9999 -9999 -9999 -9999 -9999 -9999 -9999 -9999 -9999 -9999 0 0 27 12 0 0 28 28 34 42 40 49 58 52 23 2 0 0 11 22 25 2 10 3 9 11 10 21 58 48 41 61 30 39 26 5 0 13 41 42 41 29 36 38 44 44 37 22 13 5 19 65 60 60 55 58 57 59 60 68 81 96 122 161 151 130 96 103 97 147 169 139 175 179 152 135 154
-9999 -9999 -9999 -9999 -9999 -9999 -9999 -9999 -9999 -9999 -9999 -9999 -9999 -9999 -9999 -9999 -9999 0 0 5 0 4 21 21 15 17 32 47 54 19 42 24 7 2 19 15 22 36 2 0 8 8 7 14 28 44 19 54 20 23 40 17 29 0 13 13 26 35 12 18 27 44 40 29 34 18 5 40 61 44 40 58 55 58 60 69 87 96 99 99 147 136 109 107 102 107 136 150 146 182 171 136 182 169
-9999 -9999 -9999 -9999 -9999 -9999 -9999 -9999 -9999 -9999 -9999 -9999 -9999 -9999 -9999 -9999 -9999 -9999 0 0 0 5 3 0 15 6 46 70 28 8 48 36 19 0 2 11 20 32 9 5 5 7 7 26 32 47 18 40 19 43 17 17 11 0 18 9 5 17 19 11 7 26 25 25 50 25 7 10 45 38 53 52 48 60 75 70 93 99 109 106 140 118 115 107 97 102 132 152 170 164 142 183 189 167
