inst/extdata/EV_continuous/terdem.asc
ncols         158
nrows         201
xllcorner     249000
yllcorner     6531500
cellsize      500
NODATA_value  -9999
[rows 42 to 83 of 201, columns 0 to 93 of 158]
-9999 -9999 -9999 -9999 -9999 -9999 -9999 -9999 -9999 -9999 -9999 -9999 -9999 -9999 -9999 -9999 -9999 -9999 -9999 -9999 -9999 -9999 -9999 -9999 -9999 -9999 -9999 -9999 -9999 -9999 -9999 -9999 -9999 70 80 100 92 50 80 118 117 152 92 155 181 189 188 165 175 209 218 219 139 141 111 107 100 120 115 84 102 63 92 128 112 97 103 120 121 138 139 140 150 154 140 140 160 157 160 162 166 182 185 150 145 144 159 153 131 144 165 199 173 149
-9999 -9999 -9999 -9999 -9999 -9999 -9999 -9999 -9999 -9999 -9999 -9999 -9999 -9999 -9999 -9999 -9999 -9999 -9999 -9999 -9999 -9999 -9999 -9999 -9999 -9999 -9999 -9999 54 -9999 47 44 59 69 77 100 99 53 85 101 80 144 91 159 182 195 188 159 167 219 220 217 152 131 101 122 120 131 122 100 77 59 59 120 118 100 99 106 119 133 138 144 147 151 153 139 131 149 155 157 159 179 171 159 149 144 165 170 146 135 143 208 170 141
-9999 -9999 -9999 -9999 -9999 -9999 -9999 -9999 -9999 -9999 -9999 -9999 -9999 -9999 -9999 -9999 -9999 -9999 -9999 -9999 -9999 -9999 -9999 -9999 -9999 -9999 43 61 52 62 68 73 48 74 78 91 51 90 89 127 80 125 104 157 183 193 190 179 161 185 198 217 164 141 99 111 101 120 116 94 106 89 58 92 114 104 90 104 117 116 137 139 147 151 152 148 134 146 141 140 149 159 164 179 177 162 203 190 166 135 132 155 156 131
-9999 -9999 -9999 -9999 -9999 -9999 -9999 -9999 -9999 -9999 -9999 -9999 -9999 -9999 -9999 -9999 -9999 -9999 -9999 -9999 -9999 -9999 -9999 -9999 -9999 52 62 60 51 68 81 62 66 74 78 61 66 82 106 118 87 99 87 122 163 181 181 176 158 168 208 197 192 120 109 102 98 120 101 118 118 102 104 57 100 101 108 78 108 109 124 121 150 155 153 149 140 119 138 135 135 141 119 142 184 192 162 170 178 155 125 141 136 127
-9999 -9999 -9999 -9999 -9999 -9999 -9999 -9999 -9999 -9999 -9999 -9999 -9999 -9999 -9999 -9999 -9999 -9999 -9999 -9999 -9999 -9999 -9999 -9999 -9999 61 41 52 49 62 80 64 60 49 55 59 60 70 78 85 81 79 89 116 145 175 172 174 159 191 188 161 130 104 127 147 103 101 101 105 108 101 95 58 62 88 79 78 91 114 130 114 146 171 156 147 139 134 119 125 122 109 101 105 121 129 125 168 215 161 117 141 132 120
-9999 -9999 -9999 -9999 -9999 -9999 -9999 -9999 -9999 -9999 -9999 -9999 -9999 -9999 -9999 -9999 -9999 -9999 -9999 -9999 -9999 -9999 -9999 -9999 -9999 39 55 62 66 58 72 70 51 57 66 61 62 75 89 111 90 103 99 112 152 165 168 188 163 170 185 149 112 140 148 161 147 120 117 120 119 95 107 109 57 100 71 99 103 118 105 125 168 153 167 144 136 121 81 110 105 90 87 76 98 103 120 135 186 138 119 119 124 120
-9999 -9999 -9999 -9999 -9999 -9999 -9999 -9999 -9999 -9999 -9999 -9999 -9999 -9999 -9999 -9999 -9999 -9999 -9999 -9999 -9999 -9999 -9999 -9999 -9999 39 56 78 70 71 74 71 60 78 91 80 79 90 99 100 100 93 99 119 135 151 172 179 167 157 171 130 144 190 176 187 165 148 129 126 120 103 93 102 85 53 54 95 112 126 99 141 135 194 172 143 140 123 106 98 100 77 76 78 99 76 103 107 151 158 118 117 118 124
-9999 -9999 -9999 -9999 -9999 -9999 -9999 -9999 -9999 -9999 -9999 -9999 -9999 -9999 -9999 -9999 -9999 -9999 -9999 -9999 -9999 -9999 -9999 -9999 -9999 -9999 50 70 70 72 66 51 66 87 89 77 88 106 137 123 76 118 120 115 151 147 152 155 154 181 132 119 150 184 185 196 195 165 138 136 120 116 103 110 73 53 88 103 106 118 96 106 118 130 138 133 149 86 105 82 75 87 85 94 121 100 99 107 102 122 118 122 126 134
-9999 -9999 -9999 -9999 -9999 -9999 -9999 -9999 -9999 -9999 -9999 -9999 -9999 -9999 -9999 -9999 -9999 -9999 -9999 -9999 -9999 -9999 -9999 -9999 -9999 45 56 69 72 74 52 40 79 92 85 89 82 126 138 116 77 107 120 81 138 133 144 158 163 122 128 137 170 171 178 183 200 185 184 144 126 109 107 117 100 78 53 72 59 47 67 87 100 121 118 118 137 121 93 78 60 60 87 103 123 124 108 98 100 106 119 120 145 138
-9999 -9999 -9999 -9999 -9999 -9999 -9999 -9999 -9999 -9999 -9999 -9999 -9999 -9999 -9999 -9999 -9999 -9999 -9999 -9999 -9999 -9999 -9999 -9999 -9999 60 80 67 70 54 51 44 74 91 72 75 106 136 138 79 60 107 114 85 130 125 119 131 116 122 130 148 187 179 186 191 197 202 192 187 143 123 120 121 115 101 78 92 53 79 52 57 81 99 102 97 109 96 72 74 71 74 76 106 121 122 121 120 100 104 114 150 140 151
-9999 -9999 -9999 -9999 -9999 -9999 -9999 -9999 0 -9999 -9999 -9999 -9999 -9999 -9999 -9999 -9999 -9999 -9999 -9999 -9999 -9999 -9999 -9999 -9999 48 49 43 58 53 57 57 82 74 62 98 126 130 114 50 104 108 102 79 101 93 105 110 142 117 127 151 177 169 190 193 205 197 198 205 138 133 109 123 130 103 108 100 91 91 83 23 67 80 80 88 90 59 66 77 60 80 78 98 118 125 122 121 118 136 119 133 153 176
-9999 -9999 -9999 -9999 -9999 -9999 -9999 -9999 31 12 -9999 -9999 -9999 -9999 -9999 -9999 -9999 -9999 -9999 -9999 -9999 -9999 -9999 -9999 32 48 56 57 52 80 48 53 78 60 89 84 122 114 77 54 106 102 71 65 76 94 104 108 121 117 121 138 162 153 195 201 205 203 208 202 153 153 127 120 117 102 96 99 113 81 101 26 48 47 69 80 70 56 65 64 80 84 92 95 143 141 142 143 140 128 130 145 153 191
-9999 -9999 -9999 -9999 -9999 -9999 -9999 0 0 0 -9999 -9999 -9999 -9999 -9999 -9999 -9999 -9999 -9999 -9999 -9999 -9999 -9999 -9999 53 60 60 51 60 66 45 54 50 75 96 84 90 82 66 60 86 79 72 55 62 79 95 106 115 125 126 123 140 150 217 207 198 200 180 191 187 194 131 125 120 116 100 103 80 117 100 62 24 61 56 62 40 63 69 61 79 89 119 139 151 158 155 171 144 141 118 143 161 186
-9999 -9999 -9999 -9999 -9999 -9999 -9999 0 -9999 30 15 0 -9999 -9999 -9999 -9999 -9999 -9999 -9999 -9999 -9999 -9999 -9999 -9999 50 80 63 56 55 69 42 67 48 83 108 90 79 73 46 55 81 84 57 58 59 103 107 102 125 140 130 150 155 149 179 204 204 192 180 180 177 168 167 135 123 108 98 107 99 101 101 90 37 39 43 33 37 52 62 71 81 98 135 143 157 181 176 174 155 145 119 144 153 169
-9999 -9999 -9999 -9999 -9999 -9999 -9999 -9999 -9999 0 43 3 -9999 -9999 -9999 -9999 -9999 -9999 -9999 -9999 -9999 -9999 -9999 -9999 51 65 60 54 58 78 41 66 60 91 77 72 81 61 49 70 83 66 61 60 65 105 109 121 128 139 136 139 179 156 152 175 182 177 179 178 182 187 159 137 131 120 105 106 103 78 101 100 99 24 35 54 57 59 60 68 88 113 141 148 159 183 200 200 176 160 142 140 159 179
-9999 -9999 -9999 -9999 -9999 -9999 -9999 -9999 -9999 0 20 0 -9999 -9999 -9999 -9999 -9999 -9999 -9999 -9999 -9999 -9999 -9999 -9999 37 48 64 65 53 78 40 48 66 92 58 71 66 58 60 84 74 48 57 58 82 120 110 118 126 125 160 134 172 185 154 162 161 186 188 178 168 199 165 166 142 137 102 107 97 72 87 89 82 41 24 45 45 41 54 65 79 118 118 149 156 188 199 194 194 151 147 141 145 168
-9999 -9999 -9999 -9999 -9999 -9999 -9999 -9999 0 3 81 25 0 -9999 -9999 -9999 -9999 -9999 -9999 -9999 -9999 -9999 -9999 74 42 60 73 54 57 52 43 49 79 69 62 58 60 49 66 75 41 66 53 60 59 120 77 104 115 117 122 124 156 182 166 155 162 187 184 178 160 176 177 184 169 140 138 119 105 74 81 63 70 40 24 47 30 47 48 66 75 91 121 124 160 184 192 196 194 160 148 148 153 159
-9999 -9999 -9999 -9999 -9999 -9999 -9999 0 10 111 92 54 0 0 36 36 -9999 -9999 -9999 -9999 -9999 71 52 40 40 48 72 58 41 52 36 41 61 49 39 59 50 59 45 84 40 70 66 102 56 98 134 142 120 143 126 140 180 165 167 163 169 172 162 165 160 159 177 180 178 140 138 128 102 79 75 64 60 55 24 24 36 42 50 103 118 135 146 132 163 179 183 179 180 176 154 143 153 157
-9999 -9999 -9999 -9999 -9999 -9999 0 8 21 105 62 0 -9999 0 23 26 -9999 -9999 -9999 -9999 -9999 78 65 41 33 43 62 69 81 97 73 43 37 37 40 37 48 40 67 47 32 36 77 107 81 122 152 164 163 131 132 144 153 176 162 168 172 175 158 162 169 153 177 176 170 144 142 123 121 110 84 84 56 49 47 24 24 24 68 111 139 137 149 150 151 160 192 182 160 160 155 151 151 165
-9999 -9999 -9999 -9999 -9999 -9999 0 9 18 75 4 -9999 -9999 42 7 46 75 -9999 -9999 -9999 65 72 64 43 25 39 57 56 72 102 73 44 39 40 40 33 30 30 36 33 37 51 99 96 78 124 164 150 145 140 161 172 158 180 187 190 174 177 160 158 161 158 170 175 180 140 126 131 144 130 92 92 55 41 28 43 24 24 81 95 134 136 147 153 159 159 171 155 149 144 145 143 150 168
-9999 -9999 -9999 -9999 -9999 -9999 0 2 48 43 0 -9999 0 22 13 43 75 -9999 -9999 75 58 67 70 42 25 44 61 74 67 86 52 47 39 40 39 43 39 38 38 40 36 43 87 77 79 113 151 140 141 141 154 166 168 160 202 205 177 187 163 155 148 158 166 170 169 173 122 133 122 119 120 105 72 50 32 24 24 35 80 80 130 132 138 146 159 150 162 140 141 140 143 141 151 177
-9999 -9999 -9999 -9999 -9999 -9999 0 0 28 46 14 -9999 3 20 24 53 73 80 85 75 55 48 48 39 26 35 38 42 79 83 50 37 34 40 49 39 51 35 50 49 42 66 101 82 79 99 142 124 121 140 163 147 153 169 175 201 222 195 155 161 150 145 157 167 159 166 120 128 131 119 120 76 58 40 42 24 45 51 100 85 102 130 135 143 174 139 151 145 136 137 141 144 155 165
-9999 -9999 -9999 -9999 -9999 -9999 0 45 41 15 0 -9999 29 20 50 57 85 80 82 88 66 42 25 40 41 40 34 39 39 50 47 35 48 51 53 38 63 33 52 36 70 70 108 109 84 113 121 115 125 133 153 139 169 173 175 195 207 201 186 155 141 150 164 159 160 139 118 125 120 124 98 58 42 44 24 24 55 57 93 110 86 127 137 138 151 144 139 140 131 134 134 139 159 153
-9999 -9999 -9999 -9999 -9999 39 24 101 40 16 -9999 0 47 22 52 72 70 85 79 75 61 38 26 35 56 54 44 37 39 40 38 50 62 59 55 39 56 40 36 37 95 75 122 110 67 99 120 130 113 119 136 141 176 171 159 172 217 209 212 154 139 140 173 163 141 160 123 131 116 119 117 63 53 27 24 24 56 61 99 111 103 104 136 126 141 141 137 136 131 123 133 148 153 147
-9999 -9999 -9999 -9999 -9999 57 83 127 64 11 -9999 7 53 46 74 39 60 78 81 73 55 40 25 42 46 49 50 31 41 42 49 51 53 56 69 58 61 43 31 50 69 78 132 118 80 96 129 131 119 114 115 120 160 174 167 181 208 204 198 184 160 137 148 171 162 123 140 106 115 101 117 70 45 24 24 55 119 118 113 106 99 97 100 126 135 141 134 133 121 123 133 143 147 146
-9999 -9999 -9999 -9999 0 79 110 107 58 20 -9999 73 48 29 40 38 56 65 58 56 38 36 25 33 25 25 33 35 41 42 41 45 56 41 72 46 59 39 25 62 65 76 116 100 78 64 134 141 106 113 109 110 142 147 156 154 186 190 182 183 169 144 137 165 139 119 119 100 100 106 101 76 48 24 24 61 107 130 115 100 105 93 141 129 132 134 133 131 126 120 132 136 146 140
-9999 -9999 -9999 -9999 0 66 94 68 39 13 0 42 44 48 43 33 38 54 80 37 34 25 25 25 25 37 38 58 40 38 32 47 32 46 55 31 43 33 26 62 63 76 103 83 83 55 103 113 123 113 100 103 121 131 152 150 156 178 162 160 159 154 150 143 122 116 122 90 95 101 100 94 24 24 24 70 99 134 140 106 108 101 128 121 129 132 129 129 122 120 128 140 143 142
-9999 0 0 9 56 43 73 45 10 -9999 0 35 33 69 55 41 32 43 55 38 25 25 28 38 27 51 46 45 46 41 31 25 31 41 48 31 25 25 37 63 60 73 96 94 78 51 87 82 121 119 109 104 110 114 121 135 156 149 158 156 161 151 140 119 111 120 116 91 82 89 103 80 24 24 24 58 91 125 131 122 97 99 128 121 123 125 124 119 122 129 135 138 141 148
0 0 12 19 27 39 78 30 0 0 11 32 25 52 44 52 40 43 45 25 25 42 42 31 33 41 42 35 37 29 30 29 34 31 47 25 25 30 39 39 48 60 75 79 71 54 87 76 89 99 96 90 131 130 124 121 139 145 146 158 140 141 128 114 104 108 94 82 76 70 82 69 24 24 47 87 99 108 114 116 85 104 111 119 121 122 124 118 120 128 140 140 143 150
-9999 0 27 12 9 26 52 24 10 8 35 34 33 57 31 36 46 30 47 25 35 54 30 25 46 39 33 38 31 26 29 32 39 49 45 25 25 41 57 60 56 43 51 45 61 67 73 76 85 85 80 110 138 143 134 96 96 119 144 143 127 131 115 110 114 69 64 59 82 60 47 28 24 24 70 103 95 99 99 100 90 106 109 112 120 123 117 126 130 131 133 139 146 161
-9999 0 29 18 7 11 46 1 0 0 50 33 32 35 40 36 59 32 25 39 44 41 25 39 39 32 36 37 35 25 38 32 30 36 46 25 31 60 60 58 71 60 49 57 58 61 52 61 70 78 86 116 130 114 112 109 87 122 118 114 106 115 112 109 105 82 80 59 83 58 42 24 24 28 80 97 95 96 91 98 100 98 111 113 114 120 121 127 127 129 134 139 145 179
-9999 10 38 14 0 0 21 0 -9999 2 46 40 47 66 30 47 43 25 38 31 37 25 25 41 41 35 42 36 25 34 36 28 41 52 25 31 38 63 60 83 60 62 59 59 59 48 47 54 71 75 99 101 115 118 108 91 90 110 97 108 100 115 123 112 81 88 80 70 40 60 24 24 24 24 68 82 92 64 84 88 75 86 98 103 116 125 124 128 130 129 135 140 139 161
-9999 0 0 0 -9999 0 0 -9999 -9999 42 51 53 58 50 39 35 25 25 27 26 25 40 26 40 33 40 40 30 38 38 32 25 31 25 28 52 57 73 84 99 65 87 87 102 62 47 47 53 59 69 68 108 120 122 83 79 87 91 100 96 104 139 146 108 98 95 99 70 57 37 24 24 27 48 61 60 66 83 91 80 88 101 98 110 97 130 121 118 123 139 139 136 135 143
-9999 -9999 -9999 -9999 -9999 -9999 -9999 -9999 -9999 34 47 54 50 47 25 25 25 27 25 25 25 25 25 30 37 40 52 30 39 33 38 25 25 34 56 73 47 66 85 82 89 85 116 103 69 47 47 54 70 66 60 66 71 84 94 88 83 94 98 111 126 119 137 121 119 147 135 91 42 32 24 24 62 56 71 86 100 92 89 93 78 80 82 88 99 120 100 124 125 136 142 140 138 139
-9999 -9999 -9999 -9999 -9999 -9999 -9999 -9999 0 42 48 50 51 37 27 25 25 25 25 25 25 35 34 35 30 28 28 27 31 31 28 29 25 53 44 42 25 50 66 69 91 98 105 111 73 47 47 62 70 76 69 78 72 70 76 79 101 120 127 135 108 150 139 139 122 143 147 111 24 24 24 24 90 107 83 76 88 106 88 111 100 101 105 96 99 97 96 120 126 138 137 148 139 124
-9999 -9999 -9999 -9999 -9999 -9999 -9999 -9999 7 28 44 41 44 46 31 37 25 25 25 25 33 40 40 25 26 39 32 25 25 37 32 25 25 25 25 25 25 39 60 82 97 98 104 59 78 92 65 53 104 80 104 110 94 74 70 97 91 118 134 117 118 119 156 141 166 145 151 77 23 24 24 38 109 142 118 85 103 136 118 135 115 103 118 110 100 100 105 110 127 123 128 131 134 133
-9999 -9999 -9999 -9999 -9999 -9999 0 -9999 6 35 20 28 36 48 46 39 29 25 25 27 35 40 25 25 45 29 29 25 42 34 25 25 25 25 33 25 25 29 50 97 99 97 99 74 90 109 110 88 114 119 100 131 97 118 71 121 115 110 121 133 146 141 147 155 189 168 142 141 30 24 24 65 151 158 109 123 124 140 122 144 137 113 98 102 117 101 95 106 129 119 128 128 128 130
-9999 -9999 -9999 -9999 -9999 -9999 1 0 20 34 27 20 24 28 35 37 35 29 25 30 37 33 46 36 36 25 43 33 44 25 25 37 25 25 41 38 25 50 91 114 101 100 100 106 107 107 136 114 94 142 152 125 129 98 130 141 127 146 125 141 135 128 119 138 186 159 131 121 59 24 24 53 112 138 141 143 147 136 134 157 141 153 115 98 120 103 100 98 110 112 122 121 119 121
-9999 -9999 -9999 -9999 -9999 -9999 -9999 0 15 25 21 21 33 22 28 29 30 30 37 38 37 39 43 40 29 25 25 25 25 25 25 25 40 39 49 30 25 49 77 95 104 100 103 124 106 124 126 91 87 128 145 124 119 120 142 159 143 160 131 125 137 136 106 112 197 171 126 82 42 24 24 112 129 141 140 140 141 141 149 151 146 142 151 125 101 104 109 96 100 112 103 109 111 119
-9999 -9999 -9999 -9999 -9999 -9999 -9999 -9999 2 10 19 26 24 28 25 21 22 27 35 42 43 43 39 35 28 49 32 25 25 25 25 25 25 25 25 25 30 52 73 86 85 99 104 105 103 130 150 87 105 150 132 121 137 140 165 165 162 153 119 118 139 160 98 95 171 157 83 59 24 24 57 102 150 138 128 140 143 141 155 140 168 149 141 137 120 108 101 97 101 101 101 99 104 100
-9999 -9999 -9999 -9999 -9999 -9999 -9999 0 19 3 20 21 38 35 22 20 26 25 31 43 46 43 39 38 40 51 49 25 25 25 25 25 25 25 25 37 44 30 83 61 81 97 115 101 101 126 120 120 122 164 137 127 127 140 183 200 182 138 111 132 120 179 71 83 123 100 24 24 24 24 87 119 143 143 126 122 142 154 149 148 153 143 166 143 150 113 105 98 103 100 104 111 107 111
-9999 -9999 -9999 -9999 -9999 -9999 -9999 -9999 14 7 19 15 37 33 27 22 17 20 25 38 51 54 49 39 42 51 38 43 25 25 25 25 25 25 25 25 42 25 52 72 84 103 106 100 91 120 112 118 98 129 166 142 148 133 148 183 195 180 142 132 118 113 74 96 88 24 29 24 24 88 79 130 150 148 132 124 140 143 141 139 144 140 141 151 138 135 106 106 114 103 100 116 120 120
