inst/extdata/EV_continuous/terslpdg.asc
ncols         158
nrows         201
xllcorner     249000
yllcorner     6531500
cellsize      500
NODATA_value  -9999
[rows 30 to 59 of 201, columns 0 to 67 of 158]
-9999 -9999 -9999 -9999 -9999 -9999 -9999 -9999 -9999 -9999 -9999 -9999 -9999 -9999 -9999 -9999 -9999 -9999 -9999 -9999 -9999 -9999 -9999 -9999 -9999 -9999 -9999 -9999 -9999 -9999 -9999 -9999 -9999 -9999 -9999 -9999 -9999 -9999 -9999 -9999 -9999 0.952212 0.873106 2.91991 1.52162 1.62216 1.16317 2.6801 1.27904 0.933724 0.689899 1.59412 1.40113 1.08036 1.15468 1.67793 1.61113 1.97426 2.05868 2.55199 0.339567 0.645981 0.94334 1.06948 1.48674 1.44194 2.17506 2.39768
-9999 -9999 -9999 -9999 -9999 -9999 -9999 -9999 -9999 -9999 -9999 -9999 -9999 -9999 -9999 -9999 -9999 -9999 -9999 -9999 -9999 -9999 -9999 -9999 -9999 -9999 -9999 -9999 -9999 -9999 -9999 -9999 -9999 -9999 -9999 -9999 -9999 -9999 1.95487 1.13226 0.925561 1.2436 2.37564 3.40406 1.89635 0.121543 1.7554 1.76658 0.620055 0.143239 0.415634 1.13226 1.40332 1.36059 1.01275 0.866976 1.63587 2.72874 2.36968 2.34327 0.222827 0.679413 1.33811 0.599876 0.669681 1.26954 1.37513 0.680619
-9999 -9999 -9999 -9999 -9999 -9999 -9999 -9999 -9999 -9999 -9999 -9999 -9999 -9999 -9999 -9999 -9999 -9999 -9999 -9999 -9999 -9999 -9999 -9999 -9999 -9999 -9999 -9999 -9999 -9999 -9999 -9999 -9999 -9999 -9999 -9999 -9999 -9999 1.69071 1.16088 1.00808 1.80876 2.57665 1.70879 0.591612 2.41656 2.89155 1.89408 1.12499 0.764376 0.518821 0.794121 0.707515 0.372417 0.501121 0.545047 0.794121 1.73745 2.10462 1.42593 0.602265 0.835163 1.08566 0.486581 0.570427 1.43667 1.61024 1.42363
-9999 -9999 -9999 -9999 -9999 -9999 -9999 -9999 -9999 -9999 -9999 -9999 -9999 -9999 -9999 -9999 -9999 -9999 -9999 -9999 -9999 -9999 -9999 -9999 -9999 -9999 -9999 -9999 -9999 -9999 -9999 -9999 -9999 -9999 -9999 -9999 -9999 -9999 0.609376 1.39644 1.98605 2.57339 1.16845 1.27904 2.25548 2.85396 2.44292 1.68524 0.960789 0.353771 0.472896 1.7011 1.56348 1.56151 0.5588 0.616072 0.633151 0.237102 0.425874 0.114591 0.933724 0.668761 0.94247 1.35863 1.58497 1.5678 0.969925 2.80416
-9999 -9999 -9999 -9999 -9999 -9999 -9999 -9999 -9999 -9999 -9999 -9999 -9999 -9999 -9999 -9999 -9999 -9999 -9999 -9999 -9999 -9999 -9999 -9999 -9999 -9999 -9999 -9999 -9999 -9999 -9999 -9999 -9999 -9999 -9999 -9999 -9999 -9999 1.01133 1.57198 1.77894 0.810737 1.06448 1.58445 1.24211 3.07273 2.4796 2.03818 1.61532 0.931965 0.977508 1.85815 0.876389 1.81362 0.874749 0.861756 1.14469 0.643754 0.146076 0.486581 0.35435 0.810231 0.896748 1.64587 1.05111 0.835163 0.516443 1.79956
-9999 -9999 -9999 -9999 -9999 -9999 -9999 -9999 -9999 -9999 -9999 -9999 -9999 -9999 -9999 -9999 -9999 -9999 -9999 -9999 -9999 -9999 -9999 -9999 -9999 -9999 -9999 -9999 -9999 -9999 -9999 -9999 -9999 -9999 -9999 -9999 0.974356 1.15592 2.10083 1.28735 0.737329 1.63337 1.61215 1.35863 2.64715 3.91458 1.69977 1.44151 1.78389 1.84754 1.59528 1.60233 0.747003 1.80001 0.659806 0.129709 0.932625 0.903356 0.90585 1.033 0.771321 0.492865 0.528226 1.25933 1.31523 1.0172 0.442413 0.917102
-9999 -9999 -9999 -9999 -9999 -9999 -9999 -9999 -9999 -9999 -9999 -9999 -9999 -9999 -9999 -9999 -9999 -9999 -9999 -9999 -9999 -9999 -9999 -9999 -9999 -9999 -9999 -9999 -9999 -9999 -9999 -9999 -9999 -9999 -9999 -9999 0.534788 1.54409 1.64088 0.306543 1.78676 1.45834 1.03459 3.11534 4.29717 2.88269 0.888475 1.53236 2.41079 2.96328 2.7959 1.37737 0.173076 1.2616 0.643754 0.283597 0.917102 0.924009 1.36661 0.734263 1.58432 0.344962 0.365185 0.80871 1.6435 1.41901 1.46731 2.0888
-9999 -9999 -9999 -9999 -9999 -9999 -9999 -9999 -9999 -9999 -9999 -9999 -9999 -9999 -9999 -9999 -9999 -9999 -9999 -9999 -9999 -9999 -9999 -9999 -9999 -9999 -9999 -9999 -9999 -9999 -9999 -9999 -9999 -9999 -9999 0.820295 0.365185 1.70519 1.01295 1.08566 1.20474 1.60041 2.90221 5.17365 3.97812 1.58173 0.790237 2.10462 2.76508 2.22688 2.05798 1.67291 0.753565 0.718448 0.449772 0.648516 1.2616 1.25116 1.74581 1.92402 1.63035 0.369653 1.02263 0.506415 1.23034 1.28 1.92466 2.12843
-9999 -9999 -9999 -9999 -9999 -9999 -9999 -9999 -9999 -9999 -9999 -9999 -9999 -9999 -9999 -9999 -9999 -9999 -9999 -9999 -9999 -9999 -9999 -9999 -9999 -9999 -9999 -9999 -9999 -9999 -9999 -9999 -9999 -9999 1.25835 0.286477 0.981695 0.683326 1.6031 2.41113 1.60514 1.65741 5.53791 4.89467 2.25357 2.19194 1.59528 2.83325 1.67549 1.54767 1.08887 2.42299 1.91549 0.683326 0.399526 0.814775 1.5794 1.5393 0.892161 1.66801 0.990017 1.20797 0.407156 0.271776 0.871224 0.762764 2.13563 1.6685
-9999 -9999 -9999 -9999 -9999 -9999 -9999 -9999 -9999 -9999 -9999 -9999 -9999 -9999 -9999 -9999 -9999 -9999 -9999 -9999 -9999 -9999 -9999 -9999 -9999 -9999 -9999 -9999 -9999 -9999 -9999 -9999 1.5006 1.11455 0.929321 1.29196 1.75073 1.08339 2.44359 1.93993 2.35278 1.1758 6.36226 3.8417 0.865319 1.80955 2.19885 2.15596 0.691384 2.0475 2.60225 3.50105 3.2428 1.36075 0.924674 1.19139 1.94404 1.39908 0.315124 0.749744 0.545047 1.44492 1.05111 0.286477 0.974356 0.371866 2.16232 1.41959
-9999 -9999 -9999 -9999 -9999 -9999 -9999 -9999 -9999 -9999 -9999 -9999 -9999 -9999 -9999 -9999 -9999 -9999 -9999 -9999 -9999 -9999 -9999 -9999 -9999 -9999 -9999 -9999 -9999 -9999 -9999 -9999 -9999 -9999 1.1702 0.604306 2.8396 1.29908 3.56484 0.925561 2.15235 2.16534 4.79793 3.71598 1.87265 0.570427 1.12572 1.48853 1.31196 1.32765 2.77003 3.77615 3.75448 1.23566 1.98451 1.74698 1.68476 0.745354 0.711274 0.304528 0.710119 1.33258 1.61405 0.861756 1.5755 0.610721 2.12843 1.73556
-9999 -9999 -9999 -9999 -9999 -9999 -9999 -9999 -9999 -9999 -9999 -9999 -9999 -9999 -9999 -9999 -9999 -9999 -9999 -9999 -9999 -9999 -9999 -9999 -9999 -9999 -9999 -9999 -9999 -9999 -9999 -9999 -9999 0.846143 1.53824 0.703152 2.64808 0.53632 4.13995 0.733983 1.29021 1.88497 2.00535 3.91958 1.97042 1.01599 1.74733 1.50278 2.65264 2.17327 1.14719 3.97069 4.31792 1.55243 2.69039 2.23935 0.806424 0.680619 0.250565 0.826274 1.4321 1.13226 2.94167 1.06333 2.16307 0.53171 1.73663 1.39996
-9999 -9999 -9999 -9999 -9999 -9999 -9999 -9999 -9999 -9999 -9999 -9999 -9999 -9999 -9999 -9999 -9999 -9999 -9999 -9999 -9999 -9999 -9999 -9999 -9999 -9999 -9999 -9999 -9999 -9999 -9999 -9999 -9999 0.649465 1.46521 0.915087 2.61285 0.512856 3.89369 1.88671 2.03747 0.762495 1.00257 4.64567 1.87145 0.596102 1.63587 0.545423 2.91899 2.68818 1.03379 4.41841 4.7355 2.5572 2.65557 0.866029 0.889398 1.42435 1.74792 1.10364 1.73887 1.54886 4.00992 2.03395 1.89549 0.657314 1.25001 1.27904
-9999 -9999 -9999 -9999 -9999 -9999 -9999 -9999 -9999 -9999 -9999 -9999 -9999 -9999 -9999 -9999 -9999 -9999 -9999 -9999 -9999 -9999 -9999 -9999 -9999 -9999 -9999 -9999 0.791015 -9999 0.850977 0.648516 1.14666 1.01599 1.56623 0.967384 2.20062 0.688113 3.03202 0.294945 2.14224 1.17073 0.931085 5.00722 2.03818 0.410168 1.60642 1.22466 2.49359 2.90917 1.09075 3.56209 4.70932 2.79715 1.20882 0.417604 0.579348 0.487844 1.78389 1.65728 1.66997 1.38257 2.93938 3.14978 0.917772 1.0178 0.708963 1.40507
-9999 -9999 -9999 -9999 -9999 -9999 -9999 -9999 -9999 -9999 -9999 -9999 -9999 -9999 -9999 -9999 -9999 -9999 -9999 -9999 -9999 -9999 -9999 -9999 -9999 -9999 0.820295 0.32411 0.215335 1.28623 1.52767 1.26307 0.769991 1.31445 0.874514 1.69651 1.15999 1.60233 2.58877 1.07255 0.349688 1.50537 1.94773 4.84661 2.70858 0.945728 1.00073 1.48329 1.18102 3.08442 1.88367 2.18296 4.55668 3.79426 1.26436 0.792311 1.25263 1.05733 1.31648 1.05636 2.26083 3.06814 1.05091 2.77866 1.5627 0.850977 0.275524 1.34651
-9999 -9999 -9999 -9999 -9999 -9999 -9999 -9999 -9999 -9999 -9999 -9999 -9999 -9999 -9999 -9999 -9999 -9999 -9999 -9999 -9999 -9999 -9999 -9999 -9999 0.425874 0.21149 0.337142 0.442413 1.5377 0.215335 1.00625 0.20257 1.12061 1.47511 1.29687 0.889859 2.03798 2.14434 1.48632 1.39673 1.58561 2.3486 4.53358 3.60742 1.65543 0.917772 1.3315 0.109088 2.37641 1.32037 2.8521 4.70305 3.53777 0.853865 1.59077 0.301141 0.779522 0.659495 0.462367 0.703152 1.56151 2.00474 1.20797 2.88432 1.36661 1.21794 1.39158
-9999 -9999 -9999 -9999 -9999 -9999 -9999 -9999 -9999 -9999 -9999 -9999 -9999 -9999 -9999 -9999 -9999 -9999 -9999 -9999 -9999 -9999 -9999 -9999 -9999 0.978347 0.403614 0.286477 0.466344 1.41771 0.32029 1.0945 0.713577 0.906982 0.608028 0.244766 0.844202 1.55783 1.61431 0.436343 0.560266 0.486581 1.5397 3.45858 3.36162 1.49375 0.487002 0.806679 0.362365 1.87221 1.51338 4.08545 3.92561 0.75926 2.58331 3.0704 2.78542 1.03141 0.494527 0.560266 0.703152 0.758449 1.82758 1.94731 1.44988 1.42204 0.997652 0.802088
-9999 -9999 -9999 -9999 -9999 -9999 -9999 -9999 -9999 -9999 -9999 -9999 -9999 -9999 -9999 -9999 -9999 -9999 -9999 -9999 -9999 -9999 -9999 -9999 -9999 1.07979 1.19242 1.40901 1.10513 0.822542 0.376799 1.0945 0.709252 1.56689 1.77028 1.40566 1.33135 1.74581 1.77341 1.00625 1.04563 0.891471 1.27534 2.83513 2.87985 1.60616 1.08036 0.476785 0.616072 1.55941 2.00464 3.43321 1.20797 3.65887 3.41275 2.78454 3.84865 2.98342 1.7942 1.17475 1.29196 0.938326 0.643754 2.55111 0.949408 1.05052 1.06448 1.96615
-9999 -9999 -9999 -9999 -9999 -9999 -9999 -9999 -9999 -9999 -9999 -9999 -9999 -9999 -9999 -9999 -9999 -9999 -9999 -9999 -9999 -9999 -9999 -9999 -9999 0.259416 1.90487 0.87193 0.487002 0.399012 0.275524 0.81553 0.791015 2.00474 1.31788 1.23217 1.68037 2.55872 2.24775 1.17475 0.387006 0.902448 1.19517 2.26418 2.14711 1.50809 1.72181 1.31648 0.770789 0.584284 2.65456 1.89451 2.82921 3.02878 2.22431 2.22688 3.30871 3.2175 1.80774 0.913965 1.41785 1.31336 0.218175 1.38937 2.35634 0.993326 1.90874 2.40994
-9999 -9999 -9999 -9999 -9999 -9999 -9999 -9999 -9999 -9999 -9999 -9999 -9999 -9999 -9999 -9999 -9999 -9999 -9999 -9999 -9999 -9999 -9999 -9999 -9999 -9999 1.81904 1.02842 0.040514 0.397983 1.49923 0.949408 1.8997 1.32579 0.339567 0.324743 1.67157 2.97697 1.92402 2.69411 0.437283 1.8983 0.271776 1.82028 2.23652 1.08566 1.68135 1.09075 0.920673 1.98987 2.54026 0.731744 3.25581 1.58173 0.545423 0.608028 2.0455 3.3387 2.9283 2.02578 1.49512 1.234 0.705482 1.36661 3.05933 1.14576 1.94731 2.02487
-9999 -9999 -9999 -9999 -9999 -9999 -9999 -9999 -9999 -9999 -9999 -9999 -9999 -9999 -9999 -9999 -9999 -9999 -9999 -9999 -9999 -9999 -9999 -9999 -9999 1.21676 1.68281 0.692866 0.301141 1.16088 1.62178 1.14307 2.68308 0.472896 0.6482 0.389121 2.52004 2.98445 0.876389 4.01256 1.24804 2.7079 1.33872 1.72181 2.85568 1.40376 1.84709 1.78446 2.4085 2.52231 0.494527 2.63662 2.73451 0.820795 0.696999 0.936356 0.56428 2.29668 3.3338 3.66177 2.65988 1.35863 0.753565 1.35576 3.01796 2.47282 0.481495 1.21946
-9999 -9999 -9999 -9999 -9999 -9999 -9999 -9999 -9999 -9999 -9999 -9999 -9999 -9999 -9999 -9999 -9999 -9999 -9999 -9999 -9999 -9999 -9999 -9999 -9999 1.62582 0.710119 1.04798 1.08566 1.11694 0.721297 1.52687 2.33461 0.842499 0.803366 1.92966 3.09183 1.59772 3.31611 3.7346 1.51189 2.13908 1.51352 1.09843 2.66909 2.23999 2.49884 2.34519 1.51785 0.556224 1.44988 2.98794 1.67438 0.346742 0.973934 0.997447 0.60904 0.776358 1.70459 3.74523 3.70542 1.61253 0.494527 0.632827 1.92541 2.81464 2.36527 2.22578
-9999 -9999 -9999 -9999 -9999 -9999 -9999 -9999 1.07369 -9999 -9999 -9999 -9999 -9999 -9999 -9999 -9999 -9999 -9999 -9999 -9999 -9999 -9999 -9999 -9999 1.64125 1.00625 0.889859 0.516443 0.570427 0.587436 1.49992 1.27615 0.736216 0.820295 2.88468 2.23569 1.38034 4.63774 1.35758 2.88758 0.237102 2.30886 1.98037 2.66595 1.90959 1.43009 1.49375 0.326633 0.304528 1.71322 2.93715 1.70158 1.28 1.54688 0.902448 0.489942 0.437283 0.687516 3.30365 3.79162 1.88758 0.999911 0.399526 1.11859 1.4943 0.68092 1.44832
-9999 -9999 -9999 -9999 -9999 -9999 -9999 -9999 0.343771 0.888013 -9999 -9999 -9999 -9999 -9999 -9999 -9999 -9999 -9999 -9999 -9999 -9999 -9999 -9999 0.955438 1.32641 0.604306 0.415634 1.07808 0.413159 0.910368 1.47441 1.20338 0.689899 1.40215 1.82679 2.3109 3.14407 3.70911 1.1758 2.59848 1.95445 2.43352 1.67549 2.15577 1.72894 1.16599 1.45383 0.953934 0.181185 1.10569 2.4857 2.03828 2.33662 2.62885 0.724702 0.045296 0.384879 0.674564 2.33391 3.16473 3.38626 2.57951 0.270262 0.933724 1.20848 0.315124 0.191105
-9999 -9999 -9999 -9999 -9999 -9999 -9999 0.627945 0.871224 0.366867 -9999 -9999 -9999 -9999 -9999 -9999 -9999 -9999 -9999 -9999 -9999 -9999 -9999 -9999 1.372 1.46898 0.79927 0.206582 0.949192 0.762495 0.769991 0.668761 0.987528 2.38664 1.1888 0.206582 1.73745 2.86997 2.27662 1.67805 1.90573 1.64487 1.76135 0.670905 1.80604 2.03395 0.968232 1.07655 1.2689 0.929321 0.851941 1.39673 0.977718 3.05191 3.14088 0.163318 0.372417 1.09544 1.3497 0.932625 0.98253 2.50979 3.31611 1.53917 1.01861 1.26453 0.501121 0.32029
-9999 -9999 -9999 -9999 -9999 -9999 -9999 0 -9999 1.21339 1.51352 1.25916 -9999 -9999 -9999 -9999 -9999 -9999 -9999 -9999 -9999 -9999 -9999 -9999 1.90702 0.612399 0.98065 0.264119 0.944209 0.869811 0.461923 0.671211 1.31164 2.64003 0.490361 1.13714 0.993326 1.99983 0.952858 1.7756 1.05345 1.33243 1.2505 0.040514 2.33706 2.66595 1.14952 1.34909 1.79956 0.840305 0.761149 1.92157 1.55322 1.41771 3.47301 2.25212 1.31336 1.33811 0.711562 0.461923 0.462811 1.42363 2.78806 2.02982 1.26841 1.41713 0.481495 0.565006
-9999 -9999 -9999 -9999 -9999 -9999 -9999 -9999 -9999 1.90315 0.447485 1.73415 -9999 -9999 -9999 -9999 -9999 -9999 -9999 -9999 -9999 -9999 -9999 -9999 1.64025 1.36916 0.512856 0.409668 1.07865 0.882453 0.826771 1.05091 1.61862 1.24788 1.74228 1.45834 1.13714 1.53236 0.707515 1.91645 0.369653 1.66173 0.653244 0.599876 2.95996 2.49982 0.696115 1.1529 1.16088 0.787898 0.496597 1.77433 1.43009 1.14576 1.28384 2.54332 1.93231 0.674564 0.282147 0.253819 0.417604 1.11694 2.51711 2.09301 1.90519 2.03747 0.997447 0.118118
-9999 -9999 -9999 -9999 -9999 -9999 -9999 -9999 -9999 2.43074 1.49004 2.62457 -9999 -9999 -9999 -9999 -9999 -9999 -9999 -9999 -9999 -9999 -9999 -9999 0.346742 1.34894 0.387006 0.598164 0.795927 1.09544 1.21068 1.54356 1.90444 0.617071 1.39878 0.952212 1.1758 0.676083 1.30459 0.571863 1.66173 0.953934 0.256233 0.882453 3.27689 1.69361 0.947029 1.70411 1.13226 1.56414 0.997447 1.73556 2.58268 0.977508 0.913965 0.873106 1.37543 1.04798 0.447485 0.906982 1.055 0.410168 1.85859 2.44719 2.66287 2.52401 1.96459 1.08566
-9999 -9999 -9999 -9999 -9999 -9999 -9999 -9999 2.51427 5.74791 4.42122 4.68542 0.512856 -9999 -9999 -9999 -9999 -9999 -9999 -9999 -9999 -9999 -9999 1.05636 0.257829 1.73981 0.250565 1.09075 0.817539 1.1758 0.89331 1.7918 1.57289 1.8223 1.41322 0.87193 0.75926 0.415634 1.53236 0.915087 1.1758 0.545423 1.27743 1.08792 2.58387 2.13707 0.730341 1.46325 0.649465 0.775565 0.692274 1.92913 2.74824 0.314472 1.13588 0.329758 1.38981 1.12881 1.22616 1.32037 1.00073 1.28735 0.064059 1.21693 2.58331 2.31939 1.82657 1.93898
-9999 -9999 -9999 -9999 -9999 -9999 -9999 0.791015 5.08696 5.03569 2.87417 4.77598 1.67805 1.90185 1.59566 1.69361 -9999 -9999 -9999 -9999 -9999 0.974145 1.25263 1.479 0.975618 1.93655 0.668148 1.04563 1.55954 2.11201 1.81362 0.794379 1.79899 2.01208 1.39511 1.15999 0.778205 0.467661 1.29005 1.35833 1.28735 1.68864 2.0682 2.00964 1.64138 3.79033 3.44373 3.48937 2.44719 1.2436 0.799014 2.42847 2.0078 0.290035 0.5588 0.480215 0.870046 0.579348 1.25639 0.742873 0.446108 0.997447 1.13588 0.28432 2.23359 1.99891 0.97267 1.8482
