inst/extdata/EV_continuous/terslpdg.asc
ncols         158
nrows         201
xllcorner     249000
yllcorner     6531500
cellsize      500
NODATA_value  -9999
[rows 90 to 119 of 201, columns 68 to 135 of 158]
2.96141 1.30396 0.27253 0.173076 2.11298 3.23769 2.79919 3.34017 0.365185 1.2393 2.40994 0.573654 0.271776 0.259416 0.229182 0.282147 0.798243 0.380591 1.3227 1.02902 1.40215 1.35516 1.89786 0.52276 0.167044 0.163318 0.915983 0.71616 1.27132 0.779259 1.22616 0.551036 0.324743 1.43324 1.25639 1.20389 0.263341 1.56204 0.826522 1.2436 0.547301 1.67597 3.2277 4.1982 3.52314 2.76952 0.933724 1.18102 2.52952 4.62826 3.96143 2.08438 1.02503 0.572939 1.09187 1.92402 0.571863 1.20303 1.11031 1.13226 2.56335 2.11898 0.706644 2.37279 2.85353 2.93583 0.653244 1.40566
2.77542 2.36553 0.888475 0.817539 2.50669 1.33565 1.00747 2.08232 2.41401 0.474629 2.51199 1.69301 1.61266 0.859372 0.237102 0.286477 0.644709 0.324743 1.22616 0.183435 0.628272 0.791015 1.50278 0.430664 0.282147 0.447485 0.551036 0.462367 1.01861 1.01295 1.07655 0.560266 0.547301 1.33688 1.6395 2.3993 2.57792 1.29528 1.72134 1.07674 0.163318 1.9221 3.9439 4.25832 3.73656 1.28751 2.67024 2.62667 1.81147 2.76012 3.61347 2.71725 0.932625 0.96929 0.481495 1.46002 0.870046 0.317071 1.11566 0.962282 1.60807 2.42028 0.852904 1.78446 3.11396 2.85468 1.65047 0.364623
1.63023 2.3347 1.51947 1.57615 2.12592 1.73024 0.20257 0.480215 2.63662 0.560266 1.74792 2.05718 2.32512 1.86476 0.718448 0.643754 0.334085 0.508033 0.747003 0.786595 0.691384 0.944209 1.10513 0.466344 0.552895 0.60904 0.387006 0.309208 0.445648 0.769991 0.409668 0.376799 0.256233 0.691384 0.820295 1.04543 2.18239 2.11898 1.93051 0.648516 0.250565 2.38741 4.1592 3.63441 4.7176 0.492865 4.58467 1.35697 0.243927 2.11055 3.97022 3.79716 1.44577 1.10234 0.899032 0.939636 1.09544 0.932625 1.16845 0.490361 0.630879 2.13256 1.97582 0.792311 3.00166 2.79429 2.5536 1.5223
0.989395 1.77514 1.0091 1.62014 2.10676 2.06751 1.97582 0.32029 1.40463 1.89894 1.13226 1.63587 1.73095 2.14759 1.41075 1.17475 0.75926 0.826771 0.045296 1.2393 0.938326 1.51947 0.987735 0.556224 0.466344 0.561729 0.064059 0.326633 0.20257 0.630879 0.303854 0.399012 0.335311 0.32726 0.118118 0.020257 0.816535 0.358952 0.827514 0.181185 0.186761 2.74824 3.87905 3.88178 4.44857 1.39981 5.01775 0.952858 2.13563 1.9811 4.00687 4.75058 2.77667 1.28735 1.24788 0.32029 0.781887 1.23549 1.80274 1.32208 0.362365 1.7186 2.41935 0.223746 2.2301 2.14825 2.47389 2.54268
2.39033 3.37666 1.92966 0.79927 1.94193 2.13563 2.86026 0.919558 1.17754 2.21915 2.5572 2.59572 0.953504 1.82253 1.97333 2.13563 2.08556 1.4783 0.264119 1.44988 0.81553 2.12949 1.6395 0.446108 0.236235 0.403614 0.498247 0.387006 0.309871 0.422973 0.393316 0.192175 0.362365 0.405136 0.270262 0.20257 1.14038 1.16317 1.35833 0.633151 0.057296 2.21203 3.99219 5.45661 3.46265 3.11337 4.77525 1.19979 2.76508 0.956082 1.53236 3.57354 4.23852 2.3911 1.19568 0.707515 0.218175 0.670599 1.46171 1.82253 1.87549 2.0446 1.86871 0.474629 1.58561 1.73556 1.9142 3.08733
2.40918 1.40332 2.49998 1.72894 1.58173 1.88791 2.11869 1.23549 1.09675 0.329758 2.61543 3.10397 0.191105 0.807187 1.60756 1.72906 2.45563 1.86575 2.37219 0.430664 1.84109 1.38583 2.44301 0.575796 0.1418 0.199509 0.472896 0.403614 0.376799 1.01295 0.787898 0.407156 0.191105 0.592997 1.232 1.33381 1.31788 0.899032 1.07427 1.479 0.629251 0.90585 3.60651 6.34998 4.29091 5.47086 3.54048 1.86146 2.49408 2.59564 1.98327 1.66764 5.39778 2.22173 0.744803 0.874749 0.425874 0.516443 0.595758 1.16017 0.663526 1.0332 0.941599 0.664453 0.970771 1.40274 1.55823 2.89459
0.753565 2.24118 3.1043 0.882453 2.55272 1.5123 0.922454 1.89094 1.78619 0.887782 2.06106 2.65603 1.0614 1.07655 2.09213 2.02183 2.48281 1.38257 2.14711 2.77903 1.82028 0.668455 2.69229 0.571863 0.275524 0.399012 0.147474 0.427316 0.723002 1.1561 0.810737 0.723852 0.123219 0.846143 0.230965 0.63606 1.70807 1.71179 1.61634 2.02982 1.35213 0.083522 2.52101 4.83876 4.27374 4.12215 1.27534 2.45596 2.41461 2.02578 0.599876 2.93812 6.04233 2.24374 1.41031 0.478074 1.10048 1.41959 1.35712 1.39761 0.925561 1.20593 1.97779 2.17252 0.230965 0.879426 0.570427 1.58186
1.21068 2.32793 0.472896 2.5995 1.06948 0.951997 0.629251 2.00556 2.33048 2.5722 2.13707 1.43396 2.22025 3.238 4.15037 2.06573 3.48017 1.57602 0.801321 3.05913 0.266439 1.59077 2.16108 0.146076 0.246437 0.191105 0.143239 0.399526 1.04798 1.07827 0.749471 0.956082 0.121543 0.496597 1.04543 1.68135 1.80513 1.5999 2.02132 2.93025 2.23496 0.571863 1.45496 3.07094 2.11365 0.652301 1.29766 3.56891 1.80626 2.59122 2.30842 4.26654 4.38808 0.762764 0.060771 0.833442 1.7186 1.19568 1.99644 3.09322 2.54943 0.719304 0.925783 2.35773 1.3227 0.525891 0.576152 1.05111
1.5329 1.55005 0.779522 1.97924 2.13908 2.24884 0.421516 2.0773 1.7918 3.238 2.70926 0.880358 2.67476 2.10579 5.48625 0.854825 2.58054 1.57524 0.688709 2.15995 2.5995 2.13994 1.33135 0.512856 0.20257 0.090593 0.191105 0.309871 0.835163 1.16599 0.532866 0.952212 0.369653 0.483196 0.769991 1.40157 2.12294 2.27356 1.92466 3.60136 3.59472 0.960362 1.09075 0.843229 2.0499 1.14648 0.962282 3.25813 2.14968 2.62574 3.53327 3.99729 2.0535 0.1418 0.085944 1.30961 1.84765 0.42971 1.6783 3.31851 4.43593 4.43207 1.69845 1.9039 2.07779 0.512856 0.571863 0.853865
1.64686 0.474629 0.762495 0.551036 1.21744 2.59659 1.87637 1.30286 1.94699 2.65233 2.10238 1.85064 1.78067 1.4943 4.19505 2.9171 1.85175 1.43924 0.539371 1.2436 3.18603 3.55332 0.101285 0.787898 0.32029 0.147474 0.329758 0.1418 0.237102 0.981695 0.315124 0.923787 1.22616 1.09187 1.10532 1.82432 2.59753 2.06196 2.32203 2.39358 4.52464 0.59057 0.580409 0.63606 2.58434 2.0503 1.10067 1.96542 1.13317 2.2924 4.32325 3.4882 0.621377 0 0.101285 1.44988 1.58755 0.52667 2.17412 3.06827 0.515648 2.91794 3.2428 2.32336 2.1452 0.923787 0.283597 0.879426
1.5397 0.737329 0.902448 1.18673 0.639598 1.43667 1.13497 0.405642 2.86726 2.05549 0.457012 1.37603 0.986489 1.68573 2.10238 2.83628 1.73024 0.589875 0.326633 1.11841 2.37529 3.64815 1.5377 0.50682 0.617403 0.46985 0.489523 0.143239 0.417112 0.628272 1.18673 2.01127 2.90249 2.29427 1.36075 2.08468 2.49039 0.859849 1.53089 1.55005 3.98427 0.599876 0.836635 1.09544 2.47489 2.88354 1.40157 0.715873 2.23798 4.44102 4.36934 1.92923 0.508033 0.243084 0.334085 1.06333 1.08887 0.9958 1.95707 2.35452 2.65664 1.56151 1.9221 2.6054 2.73047 1.62064 0.689899 0.680619
1.30144 1.24738 1.38257 0.861756 0.8517 1.233 1.3071 1.11566 3.12183 1.36961 1.64836 1.37065 2.16421 1.80138 0.824535 1.42435 2.94813 2.52369 1.09375 1.37915 1.5329 2.73922 2.63887 0.316423 0.365185 0.401064 0.444726 0.399012 0.344962 0.271776 1.76088 2.82935 1.62481 2.41121 1.77525 2.27086 2.09379 0.101285 0.764376 0.869811 2.69252 1.98946 1.5606 1.08093 1.20848 3.13326 3.30476 3.31956 2.94688 3.12418 2.10199 0.191105 0.826274 0.711274 0.653244 1.19911 0.801321 0.923787 1.92115 1.34101 0.975618 0.799014 0.822542 2.44995 3.65569 2.99559 1.64138 0.083522
1.91645 0.833442 0.628272 0.337142 0.850977 2.01106 2.49137 1.46325 2.23239 1.16915 2.33601 1.07636 2.78072 1.68135 1.46381 1.82298 1.76924 2.9583 2.3208 1.78768 1.86311 2.20024 2.50718 0.643435 0.553265 0.679413 0.380591 0.203581 0.613068 0.290035 2.07443 3.30766 0.916654 1.86695 2.60916 2.53566 2.34799 1.2655 0.762495 0.731744 1.79134 2.40841 3.15568 2.75173 0.539371 1.80229 2.49014 2.55824 2.07374 2.15368 0.882453 0.861756 0.519216 0.894228 1.25982 1.61532 1.2505 1.343 1.49512 0.929321 1.1869 1.90067 1.42305 1.09637 2.15577 2.65117 1.8472 0.723852
1.99275 0.519216 0.889859 0.71616 0.60904 3.39174 3.37781 0.486581 1.68961 1.73415 2.25838 1.95203 1.47733 1.82971 2.36605 1.5006 0.548424 1.66506 2.87495 1.85914 2.01117 1.88856 1.46731 0.646298 0.430664 1.10809 1.10513 1.22616 0.349688 0.344962 2.23999 2.93471 1.61304 1.56414 2.47489 1.54236 2.0079 0.990845 0.896976 0.573654 0.659495 2.23276 3.16809 4.08969 1.73663 0.567542 0.872636 1.33872 1.10234 1.38034 0.183435 0.417604 0.129709 0.604306 1.2393 1.67206 1.41843 0.918443 0.301141 1.36105 1.34742 1.39878 1.25541 2.15273 2.49957 2.06751 1.87145 0.749744
1.84454 0.933065 0.839328 0.679111 0.199509 3.41293 3.22663 2.51427 2.61707 3.01634 2.74131 3.65089 1.95172 1.42132 1.44946 1.00564 0.353771 0.264119 1.46968 1.96823 1.79134 1.08566 0.494527 0.711562 0.380591 1.2603 1.33396 1.24936 1.51825 0.540511 2.24237 2.30424 2.32697 1.14719 1.47219 0.810737 1.29766 0.692866 1.00564 1.07427 0.865319 1.20882 1.38227 4.28012 2.57546 1.7384 2.29106 1.73024 2.45638 1.51474 0.711274 0.191105 0.32029 0.128117 0.737329 1.96167 1.39158 1.13497 1.54767 0.692866 0.733704 1.33258 0.129709 1.07503 1.16915 1.47678 1.71382 0.831471
0.761418 0.503163 1.15468 1.20116 0.63606 1.90755 3.25386 3.00982 2.71371 2.10706 0.772119 2.33741 1.90519 1.41959 1.76228 1.61418 1.44037 1.22884 0.701984 0.861756 0.315124 0.649465 0.50682 0.486581 0.403614 0.698469 2.10199 0.8026 2.22025 1.09 2.05947 1.29687 2.19614 2.40994 0.625654 1.82264 0.129709 1.36661 1.09544 0.97267 0.635738 0.481495 0.787898 2.92494 2.89706 1.87101 0.945728 0.489942 2.49957 1.1758 0.498247 0.539371 0.500301 0.135889 0.410168 2.34615 2.00872 2.17214 3.34359 3.04467 0.399526 1.35803 1.06891 0.362365 0.954579 2.3993 1.81046 0.799014
1.48342 1.64736 1.53837 0.506415 1.12353 0.679413 0.806424 1.08339 0.904491 1.23748 1.51825 1.99151 2.37072 2.44527 2.53373 2.58173 2.32203 2.05 1.8482 0.389647 1.60616 1.71883 1.61266 0.688709 0.373517 0.128117 2.06106 1.52162 1.21406 0.859849 1.80422 1.92796 2.02982 1.95707 1.40813 1.38937 1.21541 0.977508 0.771321 0.621377 0.609376 0.403614 0.816535 2.20554 3.37248 0.733704 0.551036 0.861756 2.00872 0.644709 0.128117 0.517634 0.362365 0.643435 0.634122 2.5198 2.25539 2.49884 1.44492 4.02499 0.955438 0.570786 0.474196 1.01941 0.409668 3.28343 2.23999 0.409668
0.334085 0.163318 0.601242 1.03795 1.15999 0.90585 0.391224 0.334085 0.236235 1.08566 2.22992 2.9218 2.24556 1.41438 3.04064 1.62847 1.11694 2.40535 2.20647 0.872636 2.14023 1.58432 2.55143 1.67291 0.580056 0.158213 1.3071 2.12949 1.1798 1.45426 2.4949 3.09632 1.34422 1.2393 0.736494 1.19517 0.103291 0.862469 1.20593 1.34909 1.03479 1.13876 1.50809 1.47177 3.49054 2.1807 2.49859 2.31524 1.88671 1.29196 0.607691 0.518821 0.689007 0.848322 1.33519 2.43923 2.52199 3.61933 2.84305 3.07253 0.43493 0.775565 0.959721 1.22415 1.76088 3.08249 2.30504 0.085944
0.507629 0.598507 0.865319 0.880358 0.083522 0.98253 0.360663 0.199509 0.253819 0.702276 2.00637 3.40736 2.59122 0.837371 2.98822 2.07522 1.74228 2.53049 1.36961 1.66111 1.44023 0.902448 1.54727 1.78171 0.910368 0.349688 0.329758 1.42204 0.34615 1.09787 2.40884 3.36162 2.05 1.66665 1.19294 0.806424 0.859372 0.444726 0.085944 0.382205 1.05733 1.27615 0.68092 0.405136 2.52693 1.76135 1.47441 2.53897 2.5228 3.29554 2.35903 0.949408 0.89331 0.32029 1.12881 1.92381 2.06196 2.41766 2.30496 1.85075 1.23466 0.831471 2.26852 1.19979 1.64649 1.77802 1.60807 0.565006
0.807187 1.05985 0.670905 0.045296 1.39055 3.1453 3.2277 2.2073 0.515648 1.86838 2.51158 2.58371 2.53695 0.899032 1.79351 2.39853 2.49998 2.13371 0.373517 1.53076 0.286477 0.52667 0.335311 1.57823 1.6045 0.794121 0.223746 1.13226 0.838595 1.02902 0.689007 2.24018 2.29677 1.63035 0.595758 0.571863 0.915087 0.230965 0.511253 0.556224 0.425392 0.436343 0.518821 1.01295 1.7554 0.7753 1.28432 3.27046 3.77875 3.76398 3.97935 1.69361 0.972459 0.103291 0.644709 0.905171 1.33273 1.15165 0.551036 0.417604 1.93824 0.384346 2.67215 1.13226 0.666303 0.96929 1.59013 1.38553
1.51798 1.55085 0.551036 0.572939 2.3887 3.08548 1.48853 2.85418 1.226 3.12934 3.2709 1.72989 1.26841 1.83485 0.712427 0.848322 2.00545 1.38212 1.54767 1.57965 0.570786 0.510048 1.08093 1.68098 2.5536 1.66629 0.045296 0.794121 1.41901 0.846143 0.208559 1.04641 1.89278 1.71083 1.14038 0.952212 0.21149 0.843229 0.726116 0.98898 0.365185 0.997447 0.945728 1.05345 1.50374 0.888475 2.90446 3.24638 2.60916 3.60589 4.15606 1.86344 0.871224 0.32726 0.617403 0.86128 1.04268 1.0332 0.706644 0.384879 1.38227 1.57563 1.68961 0.741767 0.085944 0.264119 0.545423 1.07636
1.56623 1.90067 0.534788 1.05636 2.49933 2.15235 1.26112 2.22025 2.39588 2.88971 1.61253 0.5588 0.669681 2.23679 1.69736 1.2315 1.63537 1.40682 3.03438 1.85108 1.03459 1.01275 1.16017 0.679413 2.22025 2.68247 1.19517 0.123219 0.839328 1.27856 1.35833 1.13226 1.32533 1.37633 1.65938 1.35395 0.487844 0.826522 1.02242 2.42214 2.15701 1.39805 0.309871 1.01457 1.22147 1.12881 2.46287 0.329758 3.08707 4.66847 3.89855 1.31648 0.59057 0.619724 0.410168 0.988358 0.721297 0.393316 0.534788 0.483196 0.393316 0.503163 0.425392 0.632827 0.462811 0.339567 0.487002 0.534788
2.07325 1.58173 0.264119 1.38981 1.92061 1.78217 0.540511 1.43838 1.84443 1.30333 1.1529 0.86128 0.584284 1.13588 0.831471 0.905171 1.33196 1.25639 4.35983 1.73356 0.601242 0.768657 0.218175 1.343 0.76357 2.45496 1.85815 0.649465 0.090593 0.114591 1.46521 1.60488 1.33734 1.25263 1.01941 1.52553 1.51514 0.87193 2.09507 3.47618 1.60399 1.54157 0.832704 0.972459 0.840305 2.33048 1.98482 1.31336 3.10607 4.63401 3.08627 0.979813 0.856743 0.791015 0.146076 1.25001 1.05733 0.68092 0.528226 0.393316 0.167044 0.167044 0.349688 0.742873 0.496597 0.344962 0.385412 0.953934
1.41046 0.417604 0.810484 1.02182 1.0178 1.84443 1.13317 0.539371 1.28814 1.02503 0.579348 0.570427 0.43822 1.37737 1.04543 0.788158 0.702276 0.951135 3.88745 2.14711 0.415634 0.372417 0.266439 1.30632 0.199509 1.92157 1.89408 1.54037 0.726116 0.162057 1.13317 1.96542 1.96208 1.26063 0.244766 0.842499 0.713577 0.28432 2.31488 3.00581 1.36075 0.538229 1.87713 2.12216 1.42995 1.61418 0.60904 1.07827 3.00928 4.69444 2.68056 1.12043 0.846143 0.765716 0.206582 1.66727 1.55731 0.696999 0.410168 0.230965 0.045296 0.123219 0.576508 0.403614 0.29215 0.283597 0.472462 0.236235
1.77929 1.07808 1.11859 0.281419 0.598164 1.0178 1.02902 0.668761 1.90444 2.66287 2.10987 1.23665 1.09637 1.23699 0.743701 1.61024 1.16017 1.44492 1.79237 2.76005 1.32873 1.27615 0.489523 1.1798 0.271776 1.02683 2.15235 2.18605 1.31336 0.222827 0.630879 1.93517 2.90917 1.53704 0.247268 0.862469 0.871224 0.819294 1.98451 2.05868 1.69845 0.859849 0.809471 1.68573 1.69977 0.158213 1.57615 1.59271 2.077 4.5527 3.22561 1.74346 1.05636 0.481495 0.22648 1.76274 1.74698 0.308544 0.158213 0.135889 0.154273 0.143239 0.471158 0.449772 0.680619 0.798243 0.791015 0.891471
2.0689 2.10199 1.49224 1.25394 1.37275 1.33519 0.965687 1.06294 1.78619 1.97665 0.551036 0.904264 0.909917 0.683326 0.932625 1.59077 0.723852 2.37089 1.65431 1.82803 2.55824 1.15946 0.776358 1.08187 0.490361 0.462367 1.43324 2.50513 1.22415 0.401064 0.123219 1.17754 2.62885 2.30104 0.944861 0.826274 0.472896 1.25982 2.2882 1.82309 1.71883 0.935261 0.567542 0.489523 1.64475 2.0467 1.63587 0.689899 1.58082 4.45758 4.14472 1.372 0.685425 0.337142 0.109088 1.39335 1.86575 0.52276 0.282147 0.060771 0.230965 0.263341 0.173076 0.283597 0.507629 0.64056 0.587436 1.09544
1.1888 2.11142 1.58458 1.36661 1.29908 0.827514 0.831471 1.63825 1.73379 1.17475 0.373517 0.607691 0.366867 0.997447 1.232 1.67059 0.764376 2.90192 1.62178 0.617071 2.25838 1.72431 1.12936 0.997652 1.0614 1.17073 1.26874 2.23414 1.41554 0.449772 0.32029 1.65629 2.02335 1.89202 1.62178 1.05733 1.01275 0.871224 2.43562 2.11172 1.84143 1.24886 1.0945 1.06564 0.256233 1.30396 2.49998 1.82129 1.5329 3.91239 3.8761 1.33196 0.32029 0.380591 0.353771 1.05052 1.44421 1.06737 0.796442 0.43822 0.326633 0.397983 0.215335 0.552895 0.71616 0.952212 0.903356 1.43338
2.35981 1.4596 1.24673 1.41843 1.08698 0.425874 1.14666 2.08232 1.88595 1.39511 1.00421 0.922454 0.854825 0.478074 1.63073 0.83418 0.349688 2.62418 0.500301 1.50524 0.199509 1.81125 3.11658 0.719304 2.23798 1.35576 0.822542 1.20882 1.93305 0.8026 0.96929 1.94098 0.983365 1.06024 1.65034 1.4855 0.492865 0.917772 1.60488 1.89538 1.4503 0.897205 1.69143 1.74263 0.776358 0.446108 2.1514 2.72927 2.00535 3.06294 3.45999 1.78722 0.962282 0.938326 0.455213 0.84808 0.604306 0.683326 0.953504 1.29402 0.889859 1.01457 0.371866 0.873106 1.56151 1.50278 1.48729 1.57978
3.39596 2.65557 0.613068 0.944861 1.31881 0.570427 1.18949 2.17638 1.4503 0.710119 0.817539 1.05267 1.61976 2.11559 0.879426 1.12572 1.07255 2.72311 1.25982 1.89635 1.5223 0.719304 2.96714 1.60143 1.87145 0.899032 0.090593 1.1791 1.30459 0.779259 0.634122 1.42593 1.63638 1.70351 1.18587 1.14952 1.55823 1.17353 1.30333 1.83664 1.38553 0.806679 1.0178 1.82354 0.697587 1.01275 0.960362 2.78072 2.60783 2.84614 3.07639 1.78802 2.25548 2.02982 1.05403 0.575796 0.263341 0.372417 0.806424 2.58331 1.15734 1.86695 0.146076 1.00564 1.60514 0.562824 1.38583 2.39315
3.09269 3.04849 1.74263 1.04268 1.15468 0.579348 0.854585 2.29204 1.63587 1.01941 0.762764 1.24804 1.55005 1.94489 2.48841 2.12843 2.45463 2.74824 0.932625 1.29766 1.86926 0.730341 1.27743 0.977508 0.147474 1.01599 1.30333 1.06024 0.465903 0.275524 0.34615 1.1644 1.39335 1.61405 1.01861 0.587436 1.73001 1.65728 1.80774 1.44421 0.659495 0.303854 0.730341 1.89202 1.36105 1.02503 1.1607 1.57289 2.50154 3.33833 2.71469 1.25263 2.00136 2.4908 1.90271 0.192175 0.286477 0.353771 0.949192 3.09744 0.360663 2.0977 0.706644 1.14952 1.01133 0.751657 1.44705 1.99439
