inst/extdata/EV_continuous/tersolrade.asc
ncols         158
nrows         201
xllcorner     249000
yllcorner     6531500
cellsize      500
NODATA_value  -9999
[rows 62 to 92 of 201, columns 69 to 137 of 158]
1001.71 986.682 995.602 993.638 979.661 979.59 982.754 961.016 943.337 967.839 1004.6 1032.92 1024.45 1018.97 1010.74 1006.32 1023.41 1036.03 1024.64 1020.87 1015.72 1009.2 1001.71 1001.06 1014.04 1042.24 1074.89 1081.73 1057.82 1035.08 1022.39 1019.79 1020.62 1046.91 1061.13 1040.19 1037.51 1049.25 1032.28 1013.68 1012.97 1014.21 998.026 994.905 1002.49 1014.28 1039.79 1075.47 1083.02 1039.49 982.145 960.612 986.273 1015.31 1015.25 1006.46 1012.03 1030.37 1055.68 1067.22 1050.11 1044.4 1055.91 -9999 -9999 -9999 -9999 -9999 -9999
1004.69 1033.75 1048.85 1033.14 1004.61 993.636 972.103 950.436 948.885 962.132 980.62 1020.98 1023.28 1008.05 1013.38 1021.67 1020.41 1026.5 1017.37 1012.88 1015.15 1013.82 1005.52 1009.49 1031.43 1043.71 1028.62 1020.2 1041.43 1045.99 1031.22 1017.1 1037.85 1071.58 1060.2 1022.02 1023.02 1042.93 1061.4 1049.39 1002.63 979.517 993.828 1021.91 1030.9 1032.35 1043.39 1063.78 1079.79 1043.3 992.618 979.209 986.878 990.631 984.65 994.948 1010.13 1032.26 1059.96 1062.89 1060.87 1052.64 1051.07 1042.8 -9999 -9999 -9999 -9999 -9999
1007.25 1001.27 999.92 999.223 1004.99 1001.37 984.104 973.51 974.288 978.958 975.627 991.884 1020.25 1019.2 1029.67 1038.48 1021.37 1017.19 1018.17 1014.83 1018.74 1012.46 1003.24 1013.77 1025.29 1040.56 1038.55 1031.81 1034.73 1049.3 1045.33 1033.46 1038.53 1035.89 1001.07 981.048 996.377 1021.77 1048.35 1043.07 992.422 972.044 989.954 1022.42 1037.95 1029.81 1032.7 1030.69 1025.3 987.647 938.964 942.047 987.599 1008.25 1009.88 1008.52 1005.22 1012.85 1029.16 1037.7 1044.8 1050.86 1065.05 1037.83 -9999 -9999 -9999 -9999 -9999
1012.2 985.993 967.303 987.119 996.868 977.04 928.57 894.842 902.001 954.225 987.073 999.312 1030.32 1049.77 1031.97 1022.46 1014.23 1010.57 1014.11 1016.88 1013.36 1005.09 1006.18 1016.48 1008.23 997.309 1007.66 1050.83 1055.79 1034.97 1024.7 1024.85 1023.56 1017.63 1020.47 1009.75 993.765 1006.99 1020.42 1016.29 1017.44 1023.99 1011.21 993.456 1000.92 1015.24 1030.09 1032.17 1018.63 999.853 982.747 941.07 918.419 979.086 1019.56 1011.15 1000.19 1000.73 1004.92 1025.05 1045.96 1038.31 1036.49 1024.45 1038.4 -9999 -9999 -9999 -9999
1019.55 1011.15 985.792 984.375 985.748 967.335 932.695 909.735 912.331 960.232 998.175 1002.68 1000.94 994.201 999.265 1010.97 1014.24 1010.01 1009.38 1006.73 1004.64 1008.39 1016.57 1017.85 1014.89 1015.55 1007.02 1023.45 1030.58 1021.03 1011.39 1011.96 1013.11 1018.24 1034.71 1021.9 989.213 990.701 1013.47 1020.37 1031.7 1048.19 1043.66 1005.79 976.729 977.938 1001.54 1022.74 1033.68 1028.94 1036.75 1004.12 953.197 958.541 990.01 996.164 1004.54 1008.55 1003.35 1000.04 1002.73 1005.98 1014.96 1038.57 1051.75 -9999 -9999 -9999 -9999
1011.85 999.474 984.938 991.796 989.953 974.708 980.728 998.274 984.601 968.684 980.366 987.208 975.217 979.505 995.774 1012.11 1013.77 1011.08 1006.11 1002.26 1003.25 1007.83 1008.22 1010.17 1022.34 1045.77 1036.22 1003.51 987.19 1014.28 1029.1 1034.9 1026.23 1014.85 1026.21 1012.51 1001.95 993.379 1003.83 1025.48 1038.69 1055.51 1047.6 1022.42 991.283 972.019 990.056 1022.84 1050.8 1080.16 1088.52 1063.02 1028.7 988.736 984.439 994.887 1008.22 1013.1 997.944 970.495 963.167 987.544 1019.77 1036.27 1037.43 -9999 -9999 -9999 -9999
1016.23 999.088 997.626 995.858 991.302 981.944 996.192 1009.58 1005.34 982.054 974.553 991.888 998.998 1011.93 1015.06 1015.29 1016.3 1016.97 1016.13 1004.06 992.023 993.384 1001.9 1003.36 1003.41 1004.59 993.088 982.942 997.464 1014.18 1027.24 1035.71 1030.6 1023.11 1033.57 1035.06 1025.99 1025.58 1012.53 1011.15 1015.36 1031.81 1032.24 1024.69 1021.28 1012.48 1009.64 1009.36 1029.36 1082.27 1095.69 1081.47 1049.9 984.682 982.716 995.118 1001.99 1011.1 1003.33 987.253 984.369 991.494 1006.08 1004.53 1004.13 -9999 -9999 -9999 -9999
1033.94 1033.83 1016.99 989.708 972.11 954.753 962.177 996.02 1031.71 1029.31 1011.01 1008.4 1008.94 1014.11 1011.34 1011.29 1013.75 1012.72 1010.96 1002.39 989.855 988.444 997.408 999.624 998.288 1005.67 1019.55 1033.57 1037.08 1030.92 1046.16 1040.95 1034.23 1036.23 1035.45 1038.17 1029.14 1035.61 1027.89 1012.53 998.243 998.648 1029.3 1050.11 1047.55 1018.84 975.117 976.563 1009.51 1040.94 1046.9 1059.53 1046.33 1015.23 1004.52 1010.77 1002.21 1001.15 998.915 1005.47 1015.42 1009.62 995.19 994.332 1009.61 -9999 -9999 -9999 -9999
1036.48 1070.51 1053.25 1001.98 962.43 927.35 933.525 983.724 1029.72 1044.12 1032.32 1004.59 1000.83 1013.92 1015.5 1006.36 1005.31 1003.6 992.52 988.679 996.338 1003.18 1000.71 993.247 983.912 984.684 1020.96 1057.82 1047.86 1046.92 1077.98 1068.36 1037.15 1038.33 1032.87 1031.58 1034.75 1030.25 1029.67 1030.23 1033.57 1032.28 1030.71 1029.89 1035.7 1008.94 964.276 958.105 985.857 1018.41 1034.72 1037.62 1041.89 1059.42 1037.78 1013.03 1002.08 1005.1 1005.13 1016.01 1030.8 1023.98 1001.28 995.857 993.419 -9999 -9999 -9999 -9999
1011.1 1041 1034.37 998.155 963.861 954.298 975.205 998.662 1016.29 1026.55 1013.57 991.13 995.133 1002.02 1005.49 1008.23 1005.5 998.158 991.039 990.942 999.871 1006.47 1005.08 990.248 984.193 997.175 1012.66 1029.81 1044.9 1035.79 1046.54 1044.41 1044.17 1044.23 1028.79 1022.27 1026.55 1010.37 1007.14 1019.07 1045.46 1061.26 1033.9 1015.84 1033.78 1031.53 1016.02 996.606 1009.52 1015.57 1003.34 993.229 1017.61 1038.96 1015.66 988.927 987.115 1000.51 1017.1 1034.69 1023.79 1006.29 998.554 1010.02 1016.01 1030.55 -9999 -9999 -9999
1013.77 1004.65 994.061 983.17 981.833 999.712 1014.09 1020.05 1030.88 1025.42 1017.35 1021.01 1022.14 1018.47 1011.47 1004.18 996.206 991.806 995.805 1000.41 1001.6 1000.41 1003.83 1008.68 1021.23 1025.93 1025.94 1024.04 1046.74 1051.69 1036.36 1049.78 1062.93 1036.05 1003.4 1008.69 1015.73 1001.83 997.586 998.451 1017 1041.86 1049.86 1047.13 1054.01 1053.93 1054.63 1046.04 1033.13 1029.9 1027.08 1019.74 1005.38 1004.97 993.564 988.297 996.43 997.984 1013.95 1028.79 1012.93 1007.66 1008.07 1036.99 1053.67 1042.07 -9999 -9999 -9999
1022.88 1004.27 987.652 970.876 970.757 1010.9 1041.87 1038.26 1011.37 1005.21 1013.01 1006.88 1000.58 1005.72 1010.83 1009.43 998.732 999.449 1009.73 1003.86 991.994 994.771 1007.39 1026.87 1037.79 1035.44 1058.09 1061.1 1060.43 1067.89 1060.67 1068.17 1047.38 996.409 998.871 1032.86 1041.96 1030.01 1007.5 993.81 1028.03 1049.25 1056.48 1053.5 1054.3 1049.79 1060.28 1041.94 995.462 970.191 975.898 1003.16 1001.02 990.454 998.114 1004.21 1002.66 1000.47 1004.11 1005.02 1015.04 1022.71 1021.9 1049.34 1066.17 1056.17 -9999 -9999 -9999
1005.61 992.799 965.918 937.424 942.094 970.594 980.172 969.351 963.669 975.95 984.32 991.157 1005.9 1016.88 1023.27 1016.87 1022.02 1022.9 1014.05 1002.49 995.856 993.854 999.572 1011.84 1028.99 1042.71 1044.42 1045.98 1050.53 1064.17 1062.65 1040.28 1021.63 1027.01 1037.52 1059.62 1067.46 1036.81 1015.42 1025.95 1047.2 1042.55 1043.62 1058.13 1032.81 1001.9 996.367 965.617 932.398 908.789 910.188 941.801 973.963 988.884 995.394 997.852 997.937 997.135 998.827 1015.76 1044.56 1045.53 1038.63 1061.48 1072.77 1064.46 -9999 -9999 -9999
1006.87 986.814 955.059 910.589 902.768 940.641 961.171 960.74 966.971 973.52 964.639 968.625 983.912 992.134 1001.06 1012.78 1035.85 1028.77 1007.13 997.011 1002.38 1000.25 991.943 1002.02 1025.04 1027.29 1015.97 1014.74 1024.1 1042.17 1030.26 1015.1 1051.59 1089.41 1086.12 1063.48 1057.18 1034.51 1019.84 1035.13 1037.78 1016 1026.18 1019.71 977.45 975.902 984.483 963.405 933.934 924.477 942.277 902.436 911.254 970.45 991.49 1002.62 1013.8 996.35 993.9 1021.54 1030.82 1030.51 1041.9 1051.93 1051.11 1048.56 -9999 -9999 -9999
995.781 979.081 948.81 909.754 884.469 917.278 971.164 972.504 946.37 933.126 934.56 937.19 945.911 947.46 960.99 993.592 1008.94 1004.51 1007.48 1009.67 1018.2 1023 1019.29 1012.14 1011.9 1023.59 1030.85 1027.56 1026.56 1026.49 1012.6 1035.69 1074.57 1079.03 1064.48 1029.11 1026.53 1039.17 1027.77 1022.41 1015.42 1022.14 1043.89 1024.26 1014.46 1013.05 1008.02 992.121 974.42 991.201 982.209 933.418 934.086 972.549 990.594 1001.79 1009.56 998.961 1003.36 1008.96 1014.93 1038.71 1040.06 1027.31 1020.03 1023.38 -9999 -9999 -9999
979.081 964.595 921.165 902.888 923.239 934.826 927.55 931.263 943.955 942.118 944.216 948.039 973.509 997.098 987.712 976.322 985.07 1001.27 1007.69 1011.53 1017.92 1024.19 1026.03 1016.66 1007.75 1019.08 1030.19 1026.07 1018.11 1012.44 1013.13 1043.87 1056.39 1028.49 1014.43 1013.34 1003.56 998.23 997.612 1000.76 991.927 1006.73 1032.05 1041.36 1047.17 1029.51 1009.69 1017.53 1047.44 1057.67 1046.99 1057.45 1035.2 996.859 974.246 973.348 987.161 1003.85 1010.91 1009.14 1030.6 1050.87 1036.67 1025.62 1025.94 1016.41 -9999 -9999 -9999
966.188 974.921 969.904 993.375 998.528 954.872 922.584 938.321 977.67 976.923 967.385 949.812 946.025 981.651 998.696 985.666 986.813 1002.37 1015.24 1024.33 1017.58 1014.27 1017.62 1022.16 1016.75 1002.82 1000.79 1007.43 1008.49 1005.32 1015.81 1031.85 1012.04 992.364 1013.11 1048.14 1020.65 967.611 964.371 987.293 999.167 1012.14 1015.63 1009.48 998.487 995.125 1000.9 1030.01 1053.84 1042.21 1030.34 1051.11 1046.25 1010.97 990.913 962.012 952.393 983.361 1002.25 1007.53 1020.13 1020.73 1019.47 1029.81 1029.64 1015.26 -9999 -9999 -9999
976.361 961.22 952.175 1000.79 1012.83 976.988 968.908 982.299 982.82 975.652 984.928 980.303 954.377 931.306 960.493 1001.62 994.252 986.733 1009.47 1028.12 1025.71 1030.9 1032.37 1025.41 1015.88 1005.59 1000.31 1003.27 1013.22 1015.34 1015.38 999.68 971.925 989.025 1039.57 1049.85 1019.99 986.137 986.387 1002.79 1032.65 1055.48 1027.63 999.184 988.662 989.514 998.091 1003.18 1005.95 1007.81 1034.18 1048.46 1019.3 1000.78 1009.08 991.114 964.801 974.138 999.721 1015.82 1024.76 1012.42 1011.24 1019.68 1028.21 1034.97 -9999 -9999 -9999
982.307 931.852 922.292 947.325 992.521 1014.89 1012.38 1005.5 991.702 991.86 998.98 990.099 984.282 967.935 956.05 977.213 991.604 994.583 998.847 1007.77 1019.14 1026.9 1030.08 1027.58 1029.07 1029.06 1026.61 1017.13 1005.25 1006.54 1008.16 997.925 996.3 1025.29 1036.95 1014.26 1001.66 1029.97 1035.42 1021.22 1031.16 1039.87 1028.72 1023.55 1031.12 1035.99 1031.61 1007.41 985.837 1016.02 1073.43 1057.86 1008.81 1002.1 1021.48 1019.6 1006.34 984.11 993.88 1009.81 1008.86 1002.66 1006.15 1014.58 1028.18 1038.14 -9999 -9999 -9999
962.724 929.07 954.283 988.668 1000.7 1018.85 1023.11 1004.58 991.662 1001.4 1002.37 1002.95 994.386 982.424 959.912 946.352 970.497 994.327 993.652 997.269 1003.91 998.946 994.843 1001.98 1005.33 1007.58 1011.31 1007.67 1002.43 1010.74 1018.36 1009.24 1013.79 1029.84 1022.75 1007.87 1023.28 1068 1075.48 1052.17 1040.74 1047.62 1043 1039.89 1053.06 1056.14 1025.87 1002.71 1013.25 1037.86 1022.4 992.999 982.76 1003.12 1022.98 1028.85 1019.06 997.894 996.651 998.663 1002.88 1014.6 1011 1005.7 1007.4 1004.08 -9999 -9999 -9999
918.317 933.531 964.046 987.138 993.162 999.272 1012.26 1011.3 1010.81 1015.73 1020.94 1029.36 1020.84 1005.52 984.001 971.96 965.093 977.083 980.136 980.625 988.811 989.096 977.037 967.977 970.763 982.322 994.881 1003.52 1013.36 1019.81 1025.7 1017.25 1006.92 1006.42 1014.62 1021.46 1047.59 1080.25 1067.23 1038.4 1045.99 1054.98 1045.66 1034.27 1045.1 1051.84 1039.27 1035 1044.08 1033.96 997.704 977.694 982.17 981.546 988.889 1009.27 1031.97 1018.2 1007.03 1002.03 1012.62 1026.84 1018.61 1002.06 1004.95 1009.19 1014.23 -9999 -9999
981.074 1002.56 1022.39 1022.74 1015.04 1001.97 1000.23 1015.09 1021.66 1010.08 1002.63 1009.8 1021.94 1018.73 1002.32 985.128 966.155 960.721 968.625 966.711 972.629 991.285 1001.63 988.679 980.355 990.369 989.426 991.899 1015.18 1015.17 1011.27 1015.18 1007.79 992.299 1004.18 1019.9 1024.73 1037.32 1027.98 1030.1 1035.9 1025.16 1008.46 1014.23 1026.54 1045.22 1050.76 1009.71 997.112 1019.86 1031.41 1052.16 1058.2 1015.05 989.775 992.442 1010.53 1011.47 1006.48 1002.07 1005.27 1010.9 1010.11 1002.66 1000.26 1010.81 1015.42 -9999 -9999
1039.9 1052.93 1055.92 1047.5 1029.02 1016.9 1014.55 1018.62 1014.69 1004.48 999.588 1005.72 1008.31 1011.83 1010.17 981.439 960.333 947.217 960.163 969.816 974.266 993.106 1016.93 1016.08 1004.19 987.833 968.856 960.72 979.92 999.355 1004.66 1020.91 1049.14 1046.73 1018.9 1013 1004.85 1001.35 1014.77 1047.64 1039.6 1012.05 996.827 1000.72 1004.13 1011.31 991.498 972.954 1013.27 1053.78 1048.54 1042.28 1039.43 1023.09 1016.72 1025.28 1031.3 1020.07 1009.28 998.763 996.658 1000.32 998.198 996.195 993.64 1000.4 1007.78 -9999 -9999
986.811 1012.04 1031.37 1040.42 1030.12 1005.3 990.186 997.916 1010.1 1011.92 1013.42 1011.49 1012.25 1020.27 1017.68 995.097 962.152 950.346 971.382 991.492 989.125 995.565 1008.48 1020.48 1022.72 1000.97 984.506 971.346 958.691 972.437 1000.81 1029.64 1060.86 1069.75 1041.24 1012.97 1004.45 1005.8 1013.53 1033.65 1031.23 1004.05 1001.17 1019.16 1031.03 995.828 992.122 1062.75 1096.35 1076.71 1061.19 1039.29 1009.86 994.601 986.24 993.272 1005.41 1004.41 998.057 995.575 1001.17 1008.63 1010.41 1012.81 1002.2 1002.91 1005.93 -9999 -9999
926.846 946.376 989.194 1029.55 1041.02 999.356 973.179 975.451 997.116 1008.57 1006.75 1010.34 1018.36 1013.77 1013.6 1016.92 1006.46 1002.79 1003.07 1008.88 998.422 982.435 984.286 997.515 1014.7 1015.21 1012.07 1002.45 972.089 956.278 973.89 1005.69 1026.48 1026.98 1019.95 1001.16 990.991 992.739 1000.39 1012.49 1005.14 999.957 1022.85 1039.58 1014.42 978.812 1019.05 1073.96 1074.11 1045.19 1042.46 1031.22 1010.9 993.694 983.32 986.676 988.49 976.82 974.112 988.324 1004.57 997.86 992.868 1005.35 1004.44 993.029 1002.29 -9999 -9999
895.213 911.579 967.466 1015.46 1019.98 998.126 977.228 976.632 987.977 1011.36 1030.15 1018.35 1008.39 1010.47 1021.89 1040.24 1056.57 1043.51 1003.71 986.01 983.732 977.723 977.24 987.166 997.749 1010.55 1017.27 1010.08 992.545 973.677 976.134 988.94 994.005 994.863 991.322 994.95 999.836 998.868 1008.79 1010.26 1007.02 1016.41 1023.99 1005.03 964.472 951.262 986.404 1022.37 1042.94 1055.56 1048.22 1022.71 999.275 999.86 1013.21 1015.51 1001.86 994.349 988.781 989.98 1001.76 1003.68 997.776 993.628 987.893 971.36 973.762 -9999 -9999
944.709 950.103 973.223 1002.87 1018.39 1025.48 1002.62 985.056 982.891 1002.3 1023.85 1012.32 994.577 1001.23 1013.56 1023.48 1032.86 1016.68 980.768 968.893 974.965 989.9 997.007 999.357 1007.78 1009.7 1011.63 1011.89 1010.93 1008.09 1001.61 984.838 972.353 964.282 968.882 980.711 991.593 1009.74 1027.11 1026.92 1011.36 995.234 969.037 943.237 945.347 961.489 963.939 959.375 985.006 1024.66 1047.31 1041.31 1014.98 996.547 985.192 974.732 984.884 989.537 985.567 990.518 1005.94 1010.6 1002.29 990.743 970.884 967.766 983.787 -9999 -9999
999.363 988.505 973.122 961.194 983.872 1014.98 1003.09 982.762 985.425 990.48 1007.28 1013.01 1006.75 1004.53 1006.6 1001.28 1000.1 1005.81 1007.57 1007.33 999.947 1000.1 1000.07 998.211 1000.64 998.951 1003.17 1007.25 1007.02 1005.1 991.868 979.79 977.921 973.412 958.844 946.157 968.074 1010.56 1035.41 1024.58 999.312 973.144 933.551 909.444 914.648 942.606 971.826 970.682 956.719 965.075 1003.33 1013.36 1001.99 995.658 992.58 994.082 999.837 996.104 973.919 970.093 991.213 1002.52 1008.34 1009.16 990.564 990.89 1007.8 -9999 -9999
1018.04 1005.53 991.254 941.873 902.894 947.38 1024.71 1010.72 986.177 990.256 998.062 1002.16 1007.53 1007.26 1003.18 1005.36 1013.6 1023.26 1027.72 1036.11 1024.72 1003.38 992.739 993.318 992.363 1001.91 1010.78 1012.64 1016.07 1009.67 996.219 993.426 1000.66 1019.09 1022.3 1004.73 978.304 998.401 1017.09 1009.7 997.634 985.824 960.478 946.168 953.278 998.688 1044.88 1083.3 1045.13 1004.43 1004.79 1006.86 997.052 999.407 1013.81 1018.2 1001.12 994.093 994.929 976.508 976.159 1002.14 1021.53 1020.17 1024.58 1025.48 1003.23 981.331 -9999
1036.43 1019.91 995.115 980.183 967.832 972.137 1029.84 1043.98 1007.99 974.576 950.247 955.242 979.243 994.349 995.227 1000.67 1008.96 1008.56 1002.73 1007.29 1011.83 1004.42 995.143 989.808 985.662 993.469 1000.81 1011.38 1024.82 1019.69 1011.49 1014.69 1024.92 1047.06 1064.48 1066.95 1036.85 1019.83 1014.1 1003.51 995.422 986.557 991.321 984.066 986.687 1053.02 1080.99 1053.96 1016.22 984.267 975.222 978.682 973.731 990.012 1015.49 1022.47 1005.35 984.046 1002.24 996.429 965.663 977.241 1012.33 1032.69 1043.47 1039.85 1003.73 983.356 -9999
1027.3 1025.46 1009.48 1027.26 1043.49 1007.72 987.061 1008.64 1009.94 974.407 947.757 944.976 964.342 979.707 983.596 992.99 1008.2 998.483 979.733 982.048 995.338 996.314 985.476 984.924 984.318 988.005 996.484 1006.57 1015.25 1005.98 999.48 1004.29 1012.57 1021.55 1027.37 1048.06 1063.84 1041.35 1014.34 1002.49 991.794 989.343 1009.9 1010.07 1020.88 1016.96 1040.93 1016 966.966 937.987 945.385 963.542 973.068 983.705 1014.49 1028.95 1018.75 1010.39 1004.82 988.933 968.17 977.817 1010.82 1037 1053.95 1057.07 1041.17 1018.28 -9999
