inst/extdata/EV_continuous/tersolrade.asc
ncols         158
nrows         201
xllcorner     249000
yllcorner     6531500
cellsize      500
NODATA_value  -9999
[rows 124 to 154 of 201, columns 0 to 68 of 158]
-9999 -9999 -9999 -9999 -9999 -9999 -9999 -9999 -9999 -9999 -9999 -9999 -9999 -9999 -9999 -9999 -9999 977.173 988.085 1004.8 995.791 977.458 987.824 1007.77 1013.12 1006.45 978.39 968.014 1012.04 1031.12 1003.2 964.9 958.928 969.793 978.927 979.837 979.77 975.79 970.625 977.575 979.84 981.068 975.971 963.597 970.707 1001.94 1009.84 1017.23 1009.87 996.818 1000.74 993.976 981.046 972.684 988.31 1018.31 1034.38 1022.11 1007.26 1017.28 1024.46 1020.13 1012.12 988.575 960.296 957.916 975.188 997.788 1017.15
-9999 -9999 -9999 -9999 -9999 -9999 -9999 -9999 -9999 -9999 -9999 -9999 -9999 -9999 -9999 -9999 -9999 -9999 979.204 981.235 980.827 989.835 1004.83 993.286 967.203 961.748 982.605 1012.87 1022.96 1009.32 1003.77 997.163 982.392 971.468 964.35 954.133 961.869 971.43 966.054 973.596 981.328 982.513 979.162 981.668 999.995 1015.87 1006.42 1000.78 978.15 986.648 985.923 974.518 975.737 973.506 975.916 974.733 980.478 977.372 955.609 961.571 989.338 1015.55 1010.97 980.305 973.09 980.502 989.41 1004.53 1016.14
-9999 -9999 -9999 -9999 -9999 -9999 -9999 -9999 -9999 -9999 -9999 -9999 -9999 977.173 -9999 -9999 -9999 -9999 977.173 -9999 979.204 982.453 981.639 984.239 992.953 994.745 1024.58 1033.89 1003.57 993.793 1011.16 1009.79 993.228 964.446 957.844 974.424 974.867 987.75 991.38 985.463 981.735 980.928 986.315 1003.3 1020.66 1013.19 1000.31 999.218 1008.29 995.09 973.947 978.248 982.764 979.129 968.106 945.26 946.07 954.212 951.846 945.91 966.502 997.973 1001.63 990.103 1006.92 999.741 978.288 979.355 984.481
-9999 -9999 -9999 -9999 -9999 -9999 -9999 -9999 -9999 -9999 -9999 -9999 -9999 977.173 -9999 -9999 -9999 -9999 977.173 977.173 977.173 -9999 977.173 984.377 983.809 981.75 991.913 989.801 971.908 975.214 994.781 994.844 984.07 987.882 992.723 983.809 969.49 969.737 983.861 984.479 981.551 984.585 991.458 1002.87 994.289 985.329 995.089 1008.18 1004.68 990.598 999.758 1006.04 994.645 981.287 964.933 968.694 981.652 978.491 970.923 939.351 932.227 963.922 999.461 1016.34 1015.48 993.398 974.105 956.346 955.78
-9999 -9999 -9999 -9999 -9999 -9999 -9999 -9999 -9999 -9999 -9999 -9999 -9999 -9999 -9999 -9999 -9999 -9999 -9999 977.173 -9999 977.173 977.173 975.075 971.351 969.207 970.779 995.573 1002.86 1000.86 1009.44 1002.6 985.715 975.441 973.074 976.21 987.738 979.444 967.735 976.758 980.561 983.85 988.127 984.46 977.977 992.172 1001.85 999.995 989.515 995.947 999.945 982.178 968.265 973.417 1002.47 1024.71 1008.36 974.89 943.797 922.708 930.415 915.564 950.201 1010.45 1013.2 971.547 949.777 954.167 976.968
-9999 -9999 -9999 -9999 -9999 -9999 -9999 -9999 -9999 -9999 -9999 977.173 977.173 -9999 -9999 -9999 -9999 -9999 -9999 -9999 -9999 977.173 -9999 975.457 982.545 993.309 996.819 1012.38 1008.96 1001.05 997.419 988.529 984.429 981.057 978.874 1001.48 1021.38 1005.94 963.66 966.161 978.125 977.981 977.579 979.161 993.056 995.647 982.453 980.256 984.442 976.482 965.903 949.919 925.992 933.817 983.238 1018.85 1012.07 979.983 957.244 963.051 966.635 919.775 926.675 984.292 1003.43 990.681 975.757 974.965 986.728
-9999 -9999 -9999 -9999 -9999 -9999 -9999 -9999 -9999 -9999 -9999 977.173 977.173 977.173 977.173 -9999 -9999 -9999 -9999 -9999 -9999 977.173 977.173 979.116 993.997 998.64 994.159 991.783 986.377 -9999 -9999 977.173 985.279 1001.71 1010.7 998.362 1002.63 1015.14 996.01 977.497 980.157 978.39 977.173 983.662 993.384 987.722 975.575 972.265 968.743 960.803 949.165 924.723 913.689 911.516 934.873 975.084 994.468 999.093 1009.21 991.154 954.621 959.626 979.312 985.699 -9999 -9999 1006.28 1002.52 1013.31
-9999 -9999 -9999 -9999 -9999 -9999 -9999 -9999 -9999 -9999 -9999 -9999 -9999 -9999 -9999 -9999 -9999 -9999 -9999 -9999 -9999 977.173 977.173 986.895 -9999 1006.28 992.701 981.028 982.452 -9999 -9999 -9999 977.173 986.895 1002.19 1005.27 1004.71 1004.01 988.816 978.286 979.611 978.392 977.173 977.173 977.173 977.152 977.815 977.977 982.703 996.469 994.326 975.91 975.263 976.609 966.625 970.742 984.417 1006.52 1027.36 1005.76 964.391 959.99 946.746 966.573 977.169 -9999 932.27 972.163 1004.63
-9999 -9999 -9999 -9999 -9999 -9999 -9999 -9999 -9999 -9999 -9999 -9999 -9999 -9999 -9999 -9999 -9999 -9999 -9999 -9999 -9999 -9999 977.173 977.173 979.204 991.247 1002.79 -9999 977.173 -9999 -9999 977.173 977.173 977.173 975.915 975.074 971.018 965.847 974.295 975.821 977.171 977.173 977.173 977.173 977.173 978.784 980.838 980.194 982.228 989.3 990.415 986.804 1000.28 1017.01 999.948 975.187 979.606 975.975 968.269 979.441 1006.69 1025.01 989.278 956.854 -9999 904.482 906.594 941.322 949.836
-9999 -9999 -9999 -9999 -9999 -9999 -9999 -9999 -9999 -9999 -9999 -9999 -9999 -9999 -9999 -9999 -9999 -9999 -9999 -9999 -9999 -9999 977.173 977.173 977.173 984.471 -9999 -9999 -9999 -9999 -9999 -9999 977.173 977.173 970.158 958.505 939.775 938.998 962.336 -9999 977.173 977.173 977.173 977.173 977.173 980.013 983.17 979.944 979.353 979.134 967.219 983.972 1013.13 1016.66 996.908 975.763 973.898 981.509 1000.2 1013.37 1063.09 1098.12 1047.41 993.058 -9999 935.461 970.606 987.748 958.703
-9999 -9999 -9999 -9999 -9999 -9999 -9999 -9999 -9999 -9999 -9999 -9999 -9999 -9999 -9999 -9999 -9999 -9999 -9999 -9999 -9999 -9999 -9999 977.173 977.173 977.173 -9999 -9999 -9999 -9999 -9999 -9999 977.173 977.173 982.344 982.448 958.226 945.567 951.704 -9999 -9999 977.173 977.173 -9999 977.173 -9999 981.603 990.323 1000.61 998.69 1000.53 1012.55 1003.54 977.031 970.466 964.624 962.035 977.228 998.048 1024.43 1045.26 1042.86 1012.61 993.17 -9999 1002.3 1003.35 987.445 976.32
-9999 -9999 -9999 -9999 -9999 -9999 -9999 -9999 -9999 -9999 -9999 -9999 -9999 -9999 -9999 -9999 -9999 -9999 -9999 -9999 -9999 -9999 -9999 977.173 977.173 977.173 -9999 -9999 -9999 -9999 -9999 -9999 977.173 977.173 984.455 984.325 980.861 1000.71 1009.52 -9999 -9999 977.173 977.173 977.173 977.173 977.173 975.514 980.74 987.292 985.903 990.308 995.295 983.868 962.662 931.365 907.747 920.352 949.603 976.921 1006.45 1014.23 1004.78 1000.3 990.622 994.746 1018.67 1011.47 992.865 988.46
-9999 -9999 -9999 -9999 -9999 -9999 -9999 -9999 -9999 -9999 -9999 -9999 -9999 -9999 -9999 -9999 -9999 -9999 -9999 -9999 -9999 -9999 -9999 -9999 -9999 -9999 -9999 -9999 -9999 -9999 -9999 -9999 977.173 975.952 972.28 976.452 1001.27 1007.3 988.541 974.648 -9999 -9999 977.173 977.173 977.173 977.173 978.767 982.979 975.938 976.553 984.419 984.597 986.224 973.412 942.88 935.597 946.788 977.883 1033.34 1050.07 1015.46 990.545 986.911 984.882 995.627 1029.01 1043.46 1015.04 999.536
-9999 -9999 -9999 -9999 -9999 -9999 -9999 -9999 -9999 -9999 -9999 -9999 -9999 -9999 -9999 -9999 -9999 -9999 -9999 -9999 -9999 -9999 -9999 -9999 -9999 -9999 -9999 -9999 -9999 -9999 -9999 977.173 977.173 977.172 967.462 966.085 996.695 999.466 968.802 966.048 -9999 977.173 977.173 977.173 -9999 977.173 982.853 -9999 974.306 963.654 980.721 1008.98 1008.01 989.829 987.71 1002.84 1001.97 997.374 1034.8 1034.66 988.806 964.898 971.873 -9999 985.279 1015.25 1047.02 1050.94 1037.52
-9999 -9999 -9999 -9999 -9999 -9999 -9999 -9999 -9999 -9999 -9999 -9999 -9999 -9999 -9999 -9999 -9999 -9999 -9999 -9999 -9999 -9999 -9999 -9999 -9999 -9999 -9999 -9999 -9999 -9999 -9999 977.173 977.173 978.392 983.549 998.502 1003.33 982.099 969.138 972.816 -9999 -9999 977.173 -9999 -9999 977.173 977.173 977.173 969.245 959.092 971.264 1011.61 1017.88 1001.69 998.305 1012.03 1020.85 1008.21 1009.91 997.756 982.736 981.163 977.96 -9999 973.916 970.21 979.137 999.828 1024.26
-9999 -9999 -9999 -9999 -9999 -9999 -9999 -9999 -9999 -9999 -9999 -9999 -9999 -9999 -9999 -9999 -9999 -9999 -9999 -9999 -9999 -9999 -9999 -9999 -9999 -9999 -9999 -9999 -9999 -9999 -9999 -9999 -9999 977.173 987.702 1006.67 1003.06 984.745 985.117 977.73 977.576 -9999 977.173 -9999 977.173 977.173 -9999 972.285 976.592 1002.57 1013.59 1008.02 994.248 994.289 997.383 1004.08 1004.28 995.795 984.874 980.297 984.48 990.15 982.448 -9999 968.99 953.989 952.744 955.808 967.15
-9999 -9999 -9999 -9999 -9999 -9999 -9999 -9999 -9999 -9999 -9999 -9999 -9999 -9999 -9999 -9999 -9999 -9999 -9999 -9999 -9999 -9999 -9999 -9999 -9999 -9999 -9999 977.173 977.173 -9999 -9999 977.173 977.173 977.173 977.173 977.173 982.436 1006.9 1024.62 -9999 -9999 -9999 -9999 -9999 -9999 977.173 -9999 977.155 989.908 1007.89 1012.7 988.935 965.995 980.856 1007.65 1014.9 990.909 977.171 979.597 983.327 979.599 -9999 977.173 -9999 972.558 964.163 967.294 980.656 982.226
-9999 -9999 -9999 -9999 -9999 -9999 -9999 -9999 -9999 -9999 -9999 -9999 -9999 -9999 977.173 -9999 -9999 -9999 -9999 -9999 -9999 -9999 -9999 -9999 -9999 -9999 974.732 975.952 977.173 -9999 977.173 977.173 977.173 977.173 977.173 977.173 979.204 992.151 -9999 -9999 -9999 -9999 -9999 -9999 -9999 -9999 -9999 982.043 986.913 982.043 -9999 970.114 978.095 1015.77 1044.62 1020.47 982.787 972.285 980.016 982.859 980.016 977.173 -9999 -9999 960.647 976.773 990.005 979.057 991.287
-9999 -9999 -9999 -9999 -9999 -9999 -9999 -9999 -9999 -9999 -9999 -9999 -9999 -9999 -9999 -9999 -9999 -9999 -9999 -9999 -9999 -9999 -9999 -9999 -9999 977.172 977.311 959.598 939.93 953.851 -9999 -9999 976.766 976.359 976.766 977.173 977.173 977.173 977.173 977.173 -9999 -9999 -9999 -9999 -9999 -9999 -9999 977.173 977.173 -9999 977.173 986.39 1013.79 1032.99 1025.83 997.415 981.392 977.154 977.173 977.173 -9999 -9999 -9999 -9999 987.848 1009.94 1004.67 986.58 983.74
-9999 -9999 -9999 -9999 -9999 -9999 -9999 -9999 -9999 -9999 -9999 -9999 -9999 -9999 -9999 -9999 976.359 975.546 -9999 -9999 -9999 -9999 -9999 -9999 -9999 977.578 975.135 959.466 957.059 965.201 969.435 955.939 945.689 945.455 956.752 971.469 976.766 976.359 976.766 977.173 -9999 -9999 -9999 -9999 -9999 977.173 977.173 -9999 -9999 -9999 -9999 -9999 995.807 991.354 980.421 982.043 986.913 -9999 -9999 972.289 -9999 -9999 -9999 -9999 1000.62 1000.25 991.613 991.999 962.851
-9999 -9999 -9999 -9999 -9999 -9999 -9999 -9999 -9999 -9999 -9999 -9999 -9999 -9999 -9999 -9999 -9999 977.536 977.172 -9999 -9999 -9999 -9999 -9999 977.173 970.647 963.253 985.965 1008.26 980.539 963.253 951.079 941.362 948.315 956.284 968.137 973.915 967.576 967.395 973.916 -9999 -9999 977.173 -9999 -9999 977.173 977.173 -9999 -9999 -9999 -9999 -9999 -9999 977.173 977.173 977.173 -9999 -9999 949.358 952.075 968.998 -9999 -9999 -9999 -9999 979.959 979.779 976.276 964.591
-9999 -9999 -9999 -9999 -9999 -9999 -9999 -9999 -9999 -9999 -9999 -9999 -9999 -9999 -9999 -9999 977.986 972.281 964.948 -9999 -9999 -9999 -9999 977.173 966.561 945.994 948.509 970.154 975.479 954.041 932.494 940.125 938.887 933.636 957.43 -9999 977.568 979.434 976.994 973.096 975.138 -9999 977.173 -9999 -9999 977.173 -9999 -9999 -9999 -9999 -9999 -9999 -9999 -9999 -9999 -9999 -9999 970.973 971.634 972.957 974.628 -9999 -9999 -9999 -9999 982.043 985.193 992.853 979.846
-9999 -9999 -9999 -9999 -9999 -9999 -9999 -9999 -9999 -9999 -9999 -9999 -9999 -9999 -9999 -9999 -9999 969.766 965.365 969.768 -9999 -9999 977.173 977.173 967.22 962.431 968.759 963.04 956.743 948.418 930.885 935.551 951.81 967.799 976.23 966.882 954.71 963.311 977.974 981.334 -9999 977.173 -9999 -9999 -9999 -9999 -9999 -9999 -9999 977.173 -9999 977.173 977.173 977.173 -9999 977.173 -9999 983.519 990.949 987.422 978.278 -9999 -9999 977.173 -9999 -9999 988.506 984.784 965.009
-9999 -9999 -9999 -9999 -9999 -9999 -9999 -9999 -9999 -9999 -9999 -9999 -9999 -9999 -9999 -9999 -9999 -9999 993.471 983.586 -9999 -9999 -9999 -9999 987.551 995.08 979.052 971.146 958.007 943.666 953.823 966.93 975.561 999.844 988.105 945.076 936.59 966.318 979.157 981.234 -9999 -9999 -9999 -9999 977.173 977.173 -9999 -9999 976.766 976.359 -9999 977.173 977.173 977.173 977.173 977.173 -9999 982.427 989.507 992.042 -9999 -9999 -9999 -9999 -9999 -9999 -9999 957.373 1003.58
-9999 -9999 -9999 -9999 -9999 -9999 -9999 -9999 -9999 -9999 -9999 -9999 -9999 -9999 -9999 -9999 -9999 -9999 -9999 -9999 -9999 -9999 -9999 -9999 986.893 995.357 989.277 957.509 951.88 965.22 988.935 988.21 1001.3 1009.92 978.299 960.874 985.902 996.736 986.086 977.173 -9999 -9999 -9999 -9999 977.173 977.173 975.952 974.732 975.953 977.354 -9999 -9999 -9999 977.173 977.173 -9999 -9999 -9999 992.534 994.996 -9999 -9999 -9999 -9999 -9999 -9999 -9999 954.065 991.273
-9999 -9999 -9999 -9999 -9999 -9999 -9999 -9999 -9999 -9999 -9999 -9999 -9999 -9999 -9999 -9999 -9999 -9999 -9999 -9999 -9999 -9999 -9999 -9999 977.173 990.718 991.399 967.471 985.966 1021.21 1021.66 1020.04 1039.79 993.414 952.159 990.392 1012.24 991.677 -9999 977.173 977.173 977.173 -9999 973.101 960.85 -9999 945.28 951.967 964.524 964.529 -9999 -9999 -9999 -9999 977.173 977.173 -9999 -9999 978.798 977.986 -9999 -9999 -9999 -9999 -9999 -9999 979.258 987.241 967.747
-9999 -9999 -9999 -9999 -9999 -9999 -9999 -9999 -9999 -9999 -9999 -9999 -9999 -9999 -9999 -9999 -9999 -9999 -9999 -9999 -9999 -9999 -9999 -9999 977.173 975.851 977.673 996.963 1022.02 1033.82 1014.41 1021.73 1001.76 954.045 955.58 990.149 990.275 975.136 959.204 950.209 964.511 -9999 -9999 948.828 920.879 915.196 926.841 956.525 976.342 969.746 967.16 -9999 -9999 -9999 -9999 -9999 -9999 -9999 -9999 -9999 -9999 -9999 -9999 -9999 -9999 -9999 998.337 1015.17 981.107
-9999 -9999 -9999 -9999 -9999 -9999 -9999 -9999 -9999 -9999 -9999 -9999 -9999 -9999 -9999 -9999 -9999 -9999 -9999 -9999 -9999 -9999 -9999 -9999 -9999 981.156 1004.96 1027.71 1030.81 1015.49 1009.24 996.099 980.012 1002 1021.15 998.773 973.007 969.522 974.177 982.816 977.053 -9999 943.541 925.715 936.668 949.319 960.727 957.639 972.112 977.353 976.366 974.072 975.953 976.766 -9999 -9999 -9999 -9999 -9999 -9999 -9999 -9999 -9999 -9999 -9999 -9999 986.087 1000.14 965.586
-9999 -9999 -9999 -9999 -9999 -9999 -9999 -9999 -9999 -9999 -9999 -9999 -9999 -9999 -9999 -9999 -9999 -9999 -9999 -9999 -9999 -9999 -9999 -9999 -9999 985.279 1001.44 1010.68 1003.05 995.769 996.715 988.652 988.487 1004.28 1002.81 990.539 962.622 959.178 986.502 1003.87 989.717 -9999 963.304 987.544 998.995 974.974 949.604 946.741 958.637 982.849 996.094 976.839 952.42 948.967 966.561 -9999 -9999 977.173 -9999 -9999 -9999 -9999 -9999 -9999 -9999 -9999 -9999 -9999 -9999
-9999 -9999 -9999 -9999 -9999 -9999 -9999 -9999 -9999 -9999 -9999 -9999 -9999 -9999 -9999 -9999 -9999 -9999 -9999 -9999 -9999 -9999 -9999 -9999 -9999 -9999 977.986 978.798 977.986 981.625 989.325 991.643 980.654 980.358 988.807 978.384 959.417 948.91 951.687 -9999 977.173 985.966 1006.19 1003.25 985.149 973.583 987.131 1005.03 970.676 949.262 967.767 978.563 974.86 972.457 972.162 977.171 977.173 -9999 -9999 -9999 -9999 -9999 -9999 -9999 -9999 -9999 -9999 -9999 -9999
-9999 -9999 -9999 -9999 -9999 -9999 -9999 -9999 -9999 -9999 -9999 -9999 -9999 -9999 -9999 -9999 -9999 -9999 -9999 -9999 -9999 -9999 -9999 -9999 -9999 -9999 -9999 -9999 977.173 979.61 993.248 1004.14 995.79 1008.57 1006.28 979.09 976.566 975.187 970.658 -9999 966.15 964.117 983.233 981.656 975.48 1002.34 1027.08 1010.95 952.279 912.554 910.28 945.813 988.104 1003.27 987.645 -9999 977.173 -9999 -9999 -9999 -9999 -9999 -9999 -9999 -9999 -9999 -9999 -9999 -9999
