inst/extdata/EV_continuous/terslpdg.asc
ncols         158
nrows         201
xllcorner     249000
yllcorner     6531500
cellsize      500
NODATA_value  -9999
[rows 90 to 119 of 201, columns 0 to 67 of 158]
-9999 -9999 -9999 -9999 -9999 -9999 -9999 -9999 1.15094 1.9492 1.09187 1.2275 0.795927 0.490361 0.259416 1.04641 1.60143 0.500301 0.344367 0.29909 0.294945 0.27253 0.498247 0.817539 0.348512 0.158213 0.244766 0.725268 0.925561 0.820795 0.648516 0.373517 0.057296 0.83418 1.19911 1.19928 0.851941 1.63349 0.840305 2.92194 1.29528 1.05052 1.08339 1.11566 0.832704 1.15468 1.1831 0.449772 1.4093 1.1402 0.822542 1.82533 2.39751 2.55376 5.07449 3.73896 1.72894 1.07197 2.17789 5.22238 2.43277 1.82533 4.06129 6.4214 5.70566 2.57093 0.806679 3.33448
-9999 -9999 -9999 -9999 -9999 -9999 -9999 -9999 1.84221 1.48605 1.07025 0.35838 1.04641 0.309871 0.89331 1.52014 1.37513 0.788938 0.688709 0.399012 0.064059 0.407156 0.952212 0.71616 0.128117 0.186761 0.715873 0.932625 0.174258 1.26436 2.02214 1.94193 1.54568 1.28304 0.430664 0.782673 0.42971 1.40463 0.573654 1.30961 1.14898 1.38937 0.598507 0.992706 1.02902 1.12043 1.2061 0.633151 1.98605 2.68864 2.73563 3.39445 4.88349 4.30834 2.65456 1.89289 4.03278 3.73831 1.93993 4.22413 2.62854 4.0087 4.12551 4.02777 2.02335 0.1418 1.30443 1.81125
-9999 -9999 -9999 -9999 -9999 -9999 -9999 -9999 1.68913 1.42363 1.21962 0.365185 1.01941 0.403614 1.56728 1.40463 0.410168 0.045296 0.399012 0.592997 0.598164 1.19928 1.14952 0.444726 0.114591 0.064059 0.947029 0.52706 1.43852 0.643754 0.687815 0.281419 1.20474 2.26273 1.86146 1.37155 1.09787 0.776358 0.393316 1.14612 1.55612 0.791015 0.836635 1.30333 0.918666 2.78042 2.23276 2.17506 2.79722 1.81125 1.70459 1.99891 2.47166 2.0773 2.23634 3.32546 1.75283 2.53897 2.45362 1.13371 2.02911 3.0592 1.68804 1.56728 1.09187 1.08698 1.15219 0.692274
-9999 -9999 -9999 -9999 -9999 -9999 0.71616 0 0.846143 1.83206 0.892161 0.449772 1.24492 0.462811 1.80274 1.10569 0.162057 -9999 0.53171 0.923787 0.896748 1.33811 0.779522 0.899716 0.263341 0.271776 0.616072 1.29782 1.09075 1.79271 2.01279 1.92753 0.53171 1.32904 1.8565 2.30238 2.38561 2.00535 1.58794 1.98451 1.82758 0.781624 0.46985 0.750565 2.48116 4.10694 2.56782 0.743149 3.45686 4.20751 3.50222 2.89939 0.838595 2.40884 3.292 1.11474 2.44158 2.33391 1.94446 1.34651 1.1702 1.25263 1.24343 1.4503 0.84808 1.54568 0.903356 0.587436
-9999 -9999 -9999 -9999 -9999 0.060771 0.449772 0.674564 0.742873 1.59013 0.859611 0.256233 1.15734 0.596102 1.94478 0.809471 -9999 -9999 0.452953 1.0945 0.664453 0.703152 0.42971 1.05091 0.129709 0.186761 0.326633 0.941599 1.05052 3.09157 0.975618 2.48347 1.18535 0.480215 0.707515 1.08887 1.61253 1.58445 1.17841 1.94109 2.25166 1.34909 1.26874 2.53049 2.86769 1.52472 2.73974 4.53394 4.47193 3.20024 4.09039 3.41963 0.53171 1.89278 2.09213 2.21508 2.20842 1.86344 1.67695 0.535171 0.271776 0.851941 1.10234 2.27635 0.403614 1.41959 1.03161 1.36436
-9999 -9999 -9999 -9999 -9999 0.118118 0.346742 0.472462 -9999 0.806424 0.94247 0.32411 0.737329 1.55322 1.70543 -9999 0 0.162057 0.480215 1.23167 0.661359 0.449772 0.562824 0.822542 0.602265 0.866976 0.854585 0.101285 2.17327 2.67093 0.698469 2.36493 2.03908 0.452953 0.58323 0.208559 0.373517 0.573297 0.580056 1.36165 2.55304 2.92494 4.28583 3.16034 0.859372 1.88106 4.33881 4.88786 1.98698 2.21887 5.07621 3.95773 1.17475 1.5425 2.03345 2.93966 1.78687 0.557329 1.52445 1.06024 0.826771 0.517634 0.362365 2.15701 0.969925 1.37737 2.22716 2.50611
-9999 -9999 -9999 -9999 -9999 0.109088 0.43822 0.109088 -9999 0.344367 1.0417 0.466344 1.06275 1.16017 -9999 -9999 0.040514 0.186761 0.56428 1.0328 0.654499 1.04798 1.11859 0.846385 0.43493 0.496597 0.348512 1.48177 2.45563 1.38212 0.94247 2.19726 2.33329 0.639598 0.630879 0.437283 0.692274 0.839328 0.32411 0.804132 2.61073 3.7311 2.68887 1.27615 3.12071 2.80853 3.72404 3.54711 0.29909 3.82206 5.06981 2.99129 0.020257 1.27615 0.629251 0.21149 1.79956 1.46633 0.50682 0.326633 0.192175 0.487844 0.472896 0.964837 2.10987 1.72609 3.88351 2.10472
-9999 -9999 -9999 -9999 -9999 -9999 -9999 -9999 -9999 -9999 1.05985 0.173076 1.10569 -9999 0 0.060771 0.223746 0.266439 0.301141 0.688709 0.949408 1.21592 1.15468 0.669681 0.481495 0.787898 1.43924 2.98671 1.84376 0.369653 1.2577 1.46675 1.7186 0.794121 0.303854 0.736216 0.997447 0.884774 0.471158 1.15893 0.865319 0.588831 1.13226 3.15413 2.67269 0.721297 2.79092 3.45125 3.01796 6.03376 3.68842 1.30018 1.11841 1.10197 0.343771 0.519216 1.80853 1.34833 0.721297 0.752748 0.952212 1.37737 1.02423 1.55256 1.4321 2.98466 3.77264 0.461923
-9999 -9999 -9999 -9999 -9999 -9999 -9999 -9999 -9999 -9999 0.835163 0.591612 0.824783 0 0.32411 0.794379 0.716733 0.263341 0.282147 0.334085 0.425874 0.174258 0.87193 1.56151 0.809471 0.773976 2.0689 2.0832 0.263341 0.771321 0.530164 1.13588 1.67157 1.2792 0.271776 0.399012 0.604306 1.07427 0.685425 0.503163 1.13588 1.36961 0.921341 2.94167 2.43621 2.47687 3.43672 3.37859 3.72869 4.60905 0.846143 0.230965 1.23217 0.570786 0.747278 0.344962 1.24145 1.055 0.758449 0.335311 2.046 1.2689 2.25321 0.461923 0.301141 3.4529 2.48224 0.467661
-9999 -9999 -9999 -9999 -9999 -9999 -9999 -9999 0.706644 0.68092 0.045296 0.461923 0.344962 -9999 0.458356 0.560266 0.410168 0.598507 0.203581 0.22648 0.101285 0.994358 1.93655 1.59271 0.897205 1.2577 1.62481 0.551036 0.215335 0.990017 0.977508 1.0178 1.37603 1.36961 0.512856 0.372417 0.045296 0.692274 0.270262 1.1545 2.39623 2.52345 1.36075 1.74451 2.46395 2.06533 4.1565 2.08232 2.53049 2.66226 1.92381 0.889859 1.42693 0.703152 0.487844 0.939636 1.6839 0.762495 0.353771 1.4943 1.95329 1.76414 2.06186 0.551036 1.04406 3.1617 1.59476 0.972459
-9999 -9999 -9999 -9999 -9999 -9999 -9999 0.458356 0.42971 0.430664 0.421516 0.064059 0.020257 -9999 0.32411 0.761149 0.779259 -9999 0.101285 -9999 1.28814 1.81859 1.41901 0.653244 0.550291 1.234 1.52553 1.56151 2.10209 0.98253 2.16449 1.5377 0.835163 1.13588 0.083522 0.32029 0.984407 1.52445 1.61215 1.82264 1.91099 1.56151 2.65672 0.552895 1.10957 1.62847 3.9585 3.72042 1.84754 1.23549 2.7524 0.403614 1.18949 0.604306 0.182313 1.36421 2.01554 1.33872 0.688113 3.31038 1.15946 2.99778 2.37072 1.00421 1.85164 2.88801 0.887782 1.69071
-9999 -9999 -9999 -9999 -9999 -9999 -9999 0.32411 0.706644 0.697587 -9999 0 -9999 -9999 -9999 -9999 -9999 -9999 -9999 1.86399 2.01391 0.871224 0.466344 0.899488 1.40463 2.78858 3.4325 3.0204 1.55032 2.57284 2.64375 0.487844 1.25263 1.78136 0.689007 1.52378 1.65877 1.77652 1.96709 1.53236 0.876389 0.487844 2.3777 1.71179 0.083522 1.32904 2.28641 2.59651 3.50018 0.286477 2.70139 1.06891 1.14146 0.911493 0.083522 2.30282 1.5803 1.19654 2.29222 3.40076 1.51947 3.85103 2.11482 0.891471 2.41113 2.70608 0.596102 2.07443
-9999 -9999 -9999 -9999 -9999 -9999 -9999 0 0 0 -9999 -9999 -9999 -9999 -9999 -9999 -9999 -9999 1.30192 1.88932 1.0328 0.846143 0.449772 1.56348 2.18314 2.7959 2.97622 1.63274 2.77903 2.87452 1.38094 2.99675 1.89322 2.61167 0.674564 1.5918 1.61024 1.27856 1.08566 0.448401 0.399012 0.560266 1.86695 2.75953 1.38212 1.11455 1.09075 2.87843 3.99566 0.057296 1.79317 1.66665 1.43924 1.55243 0.974356 3.04413 0.730341 0.552895 2.24082 1.36436 1.94752 3.59199 2.11869 0.721297 2.10209 2.84758 1.57002 1.56728
-9999 -9999 -9999 -9999 -9999 -9999 -9999 -9999 -9999 0 -9999 -9999 -9999 -9999 -9999 -9999 -9999 0.702276 1.33749 1.34909 0.997447 0.877558 0.977508 1.69361 2.778 2.18465 1.9253 2.24884 3.92108 0.718448 1.92636 1.15521 1.19568 2.92075 0.789977 1.36105 2.44828 1.37155 0.163318 0.344367 0.782411 1.20746 1.36661 2.79451 2.21536 0.944861 0.229182 3.10535 3.84398 2.10238 0.730341 1.07255 1.60105 1.46002 1.43795 2.74041 0.730341 0.186761 1.19654 2.26906 2.52401 3.04815 1.35712 0.467661 0.876857 2.67024 1.73887 1.4321
-9999 -9999 -9999 -9999 -9999 -9999 -9999 -9999 -9999 0 0 -9999 -9999 -9999 -9999 -9999 0 0.830731 1.59618 1.31648 0.528226 0.613068 0.769991 1.8565 2.59682 0.922454 2.80182 2.4278 1.77802 1.59476 0.68092 1.32579 0.820295 1.897 2.05947 2.25066 2.48603 0.506415 0.403614 0.271776 1.59476 0.384346 2.28864 1.17841 2.45962 3.06454 1.28256 2.03657 3.00084 2.77777 2.3178 1.14898 1.4321 0.896748 1.06448 1.72074 1.0415 0.826771 1.41307 1.99193 1.92115 1.96459 0.163318 0.389121 0.28432 2.37917 1.37856 2.0452
-9999 -9999 -9999 -9999 -9999 -9999 -9999 -9999 -9999 0 0 -9999 -9999 -9999 -9999 0.427316 0.630879 0.879426 1.7918 0.726116 0.887782 0.846143 1.48563 1.11031 1.62847 1.97416 1.49004 1.41785 1.40813 0.810484 1.77618 0.670599 0.270262 0.402086 1.35576 1.00053 1.77525 0.863658 0.630879 0.874749 0.939855 1.62178 0.890551 2.36882 1.81994 3.222 2.14663 0.850977 1.66629 1.47858 1.88421 1.65431 1.02842 0.244766 0.906982 2.32644 2.49096 2.05589 1.82174 1.66997 0.8026 0.403614 0.364623 0.143239 0.230965 1.65778 1.41481 1.16088
-9999 -9999 -9999 -9999 -9999 -9999 -9999 -9999 -9999 0 -9999 -9999 -9999 0 -9999 0.544294 0.206582 0.635738 1.20235 0.822542 0.498247 2.09194 1.1545 0.98065 1.69977 1.52687 1.48563 2.0475 0.32029 1.71179 1.42204 0.697587 0.617403 0.781887 1.13425 0.959721 1.8482 1.17475 0.923787 1.36601 0.996624 0.21149 2.87758 2.77424 2.22256 3.16996 1.90067 0.264119 1.39878 1.69361 1.08887 0.114591 1.29687 1.09075 1.85506 0.711274 1.07369 0.996624 0.275524 0.794121 0.290035 0.183435 0.121543 0.405642 0.343771 0.816535 1.033 0.782673
-9999 -9999 -9999 -9999 -9999 -9999 -9999 -9999 -9999 -9999 -9999 -9999 -9999 -9999 -9999 0.427316 0.653872 0.835163 0.707515 0.595758 1.50809 1.35107 1.19842 2.44962 1.80513 2.22385 2.10511 1.26436 0.610721 1.87462 1.37513 1.0178 0.507629 0.480215 0.884774 0.173076 1.69832 0.725268 0.264119 1.03221 0.587436 1.95487 2.61707 1.05636 3.44799 3.14946 2.08909 0.984407 1.09187 2.49933 0.820795 0.532866 2.31276 1.32161 2.89176 0.688113 0.081028 0.35838 1.22616 1.04268 0.968232 0.199509 0.163318 0.512455 0.22648 0.250565 1.48935 1.32579
-9999 -9999 -9999 -9999 -9999 -9999 -9999 -9999 -9999 -9999 -9999 -9999 -9999 -9999 0 0 0.329758 0.791015 0.688113 1.19654 1.05033 1.25982 2.58371 2.30104 0.563188 2.39281 2.12602 0.974145 1.29005 2.09731 1.34651 0.129709 0.673347 0.742873 1.06891 0.32029 2.17553 0.673347 0.79927 1.06891 1.47858 2.23056 2.13717 0.693458 2.69768 3.58471 2.77003 1.31164 1.51893 2.3566 0.365185 1.13588 2.0773 1.3227 3.06554 0.884774 0.365185 0.616072 1.25263 0.63606 1.15326 0.103291 0.797215 1.21524 1.50537 1.17492 1.77929 0.794121
-9999 -9999 -9999 -9999 -9999 -9999 -9999 -9999 -9999 -9999 -9999 -9999 -9999 -9999 -9999 0.27253 0.608028 1.14307 1.01295 0.854585 0.654499 1.64088 1.46507 0.643754 0.859372 1.61875 1.97913 1.43324 1.96584 1.8587 0.730341 0.876389 0.391224 0.624013 1.31648 0.399012 2.36319 0.708674 0.739274 0.487002 1.48342 2.46187 1.83842 1.19087 2.17365 3.0732 2.70434 1.21068 0.705482 1.86344 1.4943 1.97872 1.74968 2.70563 2.48174 1.29639 1.2616 1.63825 1.48729 1.31648 0.706644 0.691384 1.47844 1.06275 0.987735 0.86128 1.30018 0.613068
-9999 -9999 -9999 -9999 -9999 -9999 -9999 -9999 -9999 -9999 -9999 -9999 -9999 -9999 -9999 0.573654 0.688709 1.35833 1.02001 0.661359 0.588831 1.03379 0.625327 1.68682 1.21946 0.339567 1.4783 1.6233 1.24936 0.786595 0.308544 0.67426 1.36541 1.73887 0.891241 0.737329 2.4894 0.953504 0.803366 0.518821 1.91955 2.59091 1.25574 2.45037 2.70502 2.20916 2.07651 1.20525 0.43493 1.11547 1.64549 2.29106 2.84305 2.92473 2.0467 1.21339 0.573297 1.17754 1.54037 0.567542 0.547301 1.20593 1.00053 0.540511 0.436343 0.186761 1.35107 1.1758
-9999 -9999 -9999 -9999 -9999 -9999 -9999 -9999 -9999 -9999 -9999 -9999 -9999 -9999 0.713577 0.21149 0.405136 1.49622 1.17963 0.704609 1.53129 0.27253 1.00257 1.24145 0.496597 0.617403 0.567542 0.752748 0.208559 0.389121 0.604306 1.2061 1.7332 0.822542 0.385412 0.826522 2.14635 1.343 1.07522 0.865319 2.2572 1.56414 1.71191 2.57117 1.79351 1.38627 1.67059 1.25001 0.888475 0.290035 0.894228 1.01941 0.659495 0.324743 0.628272 0.21149 0.878726 0.773976 0.874749 0.645981 0.699643 0.794379 1.27196 0.931965 0.718448 0.832704 1.37737 0.747278
-9999 -9999 -9999 -9999 -9999 -9999 -9999 -9999 -9999 -9999 -9999 0.489942 0.243084 -9999 0.405136 0.659495 0.648516 1.57289 1.04798 1.6096 0.859372 1.30018 0.676083 0.433039 0.56428 0.362365 0.556224 0.532866 0.060771 0.20257 0.237102 0.768657 0.365185 0.303854 0.365185 0.987528 1.35939 1.05033 0.842499 1.795 1.88791 0.247268 1.40332 1.44747 1.46045 1.76181 1.98172 1.31648 0.59057 0.290035 0.547301 0.326633 0.902448 0.814775 1.24788 0.457012 1.14952 1.37483 1.41075 1.15468 0.915087 0.385412 0.98253 1.85815 0.506415 0.820295 0.329758 1.30443
-9999 -9999 -9999 -9999 -9999 -9999 -9999 -9999 -9999 -9999 0.8517 0.8026 -9999 -9999 -9999 0.835163 1.16862 1.76367 0.329758 1.15946 2.24775 2.33347 1.2559 0.073038 0.29215 0.487844 0.8026 0.619724 0.508033 0.833442 1.31788 1.93591 1.36961 0.816535 0.399526 0.8026 1.13027 0.263341 1.74979 2.16686 0.620055 1.42233 2.19801 2.11055 1.91217 1.58082 1.21693 0.630879 0.158213 0.540511 0.629251 0.872636 0.8517 0.109088 1.04543 0.181185 1.44988 0.922454 0.816535 1.29766 1.05325 1.1869 0.264119 1.75634 1.73095 1.04563 1.25263 1.71573
-9999 -9999 -9999 -9999 -9999 -9999 -9999 -9999 -9999 -9999 1.19774 1.03617 -9999 -9999 -9999 1.2393 1.28814 1.05267 0.588831 1.11234 2.91458 1.93061 2.23047 1.40813 1.07655 0.687815 0.422973 0.97267 0.580056 2.11298 1.98161 2.79773 3.33472 2.85704 1.24607 0.461923 1.16845 0.624013 2.06106 1.70218 0.962496 2.0476 2.77424 2.28632 1.12353 0.816535 0.588831 0.444264 0.806679 0.427316 0.970771 1.72562 2.47365 2.50644 2.12641 0.894916 1.23616 0.977718 0.436343 1.32037 0.236235 1.33811 0.256233 0.924674 2.40365 2.01757 0.945728 2.65017
-9999 -9999 -9999 -9999 -9999 -9999 -9999 -9999 -9999 1.28878 1.44137 1.26954 1.30396 -9999 -9999 0.924674 1.06603 1.79682 1.90616 2.65248 1.87024 0.973302 1.68524 1.89549 1.55243 0.737329 0.53171 1.07674 0.673347 2.59146 2.52199 2.33461 2.31373 3.51479 2.43453 1.08792 0.762495 0.762764 2.27572 1.64836 1.03221 2.26418 2.13295 0.962922 0.983365 1.10809 0.508033 0.968232 1.0614 0.933724 1.09544 2.31594 2.51101 2.51744 3.29777 1.42002 0.621377 0.410168 0.773976 1.2559 0.349688 0.907886 0.397983 0.174258 2.61081 2.59185 0.779259 2.17054
-9999 -9999 -9999 -9999 -9999 -9999 -9999 -9999 -9999 1.60412 0.903356 1.81937 -9999 -9999 0.405136 0.942252 1.27663 1.07827 2.19353 3.65396 1.55731 0.271776 0.762495 1.11234 1.64088 1.41959 1.29243 1.36646 0.589875 2.69639 3.23901 0.846385 1.35939 4.02818 2.95976 1.79031 0.507629 0.5588 2.19007 1.7682 1.0332 2.55328 1.54727 0.661359 0.685425 0.708963 0.528226 1.17475 0.343771 0.799014 0.889859 2.47819 2.74608 0.579348 3.60736 2.24702 0.427316 1.05267 1.18587 0.866029 0.20257 0.561729 0.366867 0.489523 2.60131 2.5928 1.59155 0.79927
-9999 -9999 -9999 -9999 -9999 -9999 -9999 -9999 -9999 1.25263 1.14666 1.4351 -9999 -9999 0 0 0 -9999 1.43009 3.7735 2.73952 0.664453 0.892161 1.57836 2.28891 1.21203 0.579348 1.39099 0.589875 2.86876 3.66622 0.935261 2.48174 3.92124 2.64367 1.69071 0.710119 0.472896 2.13563 1.67695 1.16862 2.26418 1.05091 0.955438 0.500301 0.633151 0.773976 0.543539 0.474629 0.448401 0.888475 2.0479 3.16396 0.90585 3.34719 2.81297 0.417604 1.94478 2.38561 3.03667 2.43091 1.20797 0.742873 1.15734 2.22753 3.03283 2.22946 2.16421
-9999 -9999 -9999 -9999 -9999 -9999 -9999 -9999 -9999 0.492865 0.407156 -9999 -9999 -9999 -9999 0 0 0.465903 0.925783 1.80331 3.33986 2.53857 1.79134 1.68135 1.96448 1.96678 0.621377 1.23815 1.73095 2.86191 3.29554 0.472896 3.22333 4.33609 2.08202 1.10513 0.633151 0.339567 2.34048 0.884774 1.11566 1.57836 1.50537 1.09637 0.101285 0.87193 0.516443 0.634446 0.758449 0.799014 0.556224 1.64836 3.25888 2.03798 1.98327 2.37658 1.4321 2.58228 3.5414 1.86531 3.0596 2.34799 0.87193 1.04268 1.09637 2.39657 2.06493 1.62582
-9999 -9999 -9999 -9999 -9999 -9999 -9999 -9999 -9999 -9999 0.773976 0.236235 0.786595 -9999 -9999 0 0 1.35833 1.77929 0.876857 1.98605 4.1258 3.96452 0.567542 2.26119 1.52257 0.587436 0.662288 1.05325 2.33706 2.7122 1.3708 4.80534 3.68549 0.952212 0.551036 0.344962 0.992706 2.26707 1.3612 0.671211 0.96929 2.67215 0.953504 0.478074 0.64056 0.749744 0.923787 0.87193 1.07427 0.955438 0.501121 2.76242 2.62254 0.466344 1.67438 1.96584 2.18089 4.02109 1.44648 3.26765 2.06196 1.0612 1.09187 0.378429 1.00564 1.36541 1.02263
