inst/extdata/EV_continuous/tersolrade.asc
ncols         158
nrows         201
xllcorner     249000
yllcorner     6531500
cellsize      500
NODATA_value  -9999
[rows 31 to 61 of 201, columns 0 to 68 of 158]
-9999 -9999 -9999 -9999 -9999 -9999 -9999 -9999 -9999 -9999 -9999 -9999 -9999 -9999 -9999 -9999 -9999 -9999 -9999 -9999 -9999 -9999 -9999 -9999 -9999 -9999 -9999 -9999 -9999 -9999 -9999 -9999 -9999 -9999 -9999 -9999 -9999 -9999 1024.1 1025 1021.67 1031.52 1058.55 1057.48 1032.98 990.395 959.883 976.82 996.542 992.596 995.193 1016.14 1036.01 1038.52 1028.07 1023.77 1039.67 1065.88 1065.56 1029.6 1001.84 979.45 969.645 980.355 1010.46 1032.56 1033.54 1011.46 1012.18
-9999 -9999 -9999 -9999 -9999 -9999 -9999 -9999 -9999 -9999 -9999 -9999 -9999 -9999 -9999 -9999 -9999 -9999 -9999 -9999 -9999 -9999 -9999 -9999 -9999 -9999 -9999 -9999 -9999 -9999 -9999 -9999 -9999 -9999 -9999 -9999 -9999 -9999 1015.79 1021.33 1023.53 1042.59 1055.12 1019.09 971.024 932.751 923.205 942.508 965.92 975.085 981.948 980.86 978.883 992.203 1009.51 1015.07 1020.01 1043.83 1057.06 1031.03 997.695 987.098 983.465 986.977 1010.77 1032.08 1042.77 992.144 954.148
-9999 -9999 -9999 -9999 -9999 -9999 -9999 -9999 -9999 -9999 -9999 -9999 -9999 -9999 -9999 -9999 -9999 -9999 -9999 -9999 -9999 -9999 -9999 -9999 -9999 -9999 -9999 -9999 -9999 -9999 -9999 -9999 -9999 -9999 -9999 -9999 -9999 -9999 1000.57 1030.83 1046.81 1053.44 1021.74 959.403 931.19 934.264 939.796 949.16 969.945 988.738 986.233 962.894 957.396 968.778 980.876 980.219 986.025 1003.5 1006.02 995.63 996.366 1002.57 1008.38 1019.03 1033.13 1028.56 1018.83 1022.63 1042.34
-9999 -9999 -9999 -9999 -9999 -9999 -9999 -9999 -9999 -9999 -9999 -9999 -9999 -9999 -9999 -9999 -9999 -9999 -9999 -9999 -9999 -9999 -9999 -9999 -9999 -9999 -9999 -9999 -9999 -9999 -9999 -9999 -9999 -9999 -9999 -9999 -9999 -9999 997.996 1036.17 1037.97 999.421 975.61 986.107 982.74 948.409 940.527 946.055 961.865 977.475 978.759 977.426 976.946 974.001 972.398 977.244 982.016 989.49 993.502 986.697 1000.13 1015.47 1010.65 1003.55 1003.96 1001.12 997.057 1017.91 1041.66
-9999 -9999 -9999 -9999 -9999 -9999 -9999 -9999 -9999 -9999 -9999 -9999 -9999 -9999 -9999 -9999 -9999 -9999 -9999 -9999 -9999 -9999 -9999 -9999 -9999 -9999 -9999 -9999 -9999 -9999 -9999 -9999 -9999 -9999 -9999 -9999 1004.67 1022.99 1024.96 1019.86 990.357 949.065 946.373 969.221 952.853 940.149 959.38 971.154 963.785 946.694 955.332 977.375 987.453 977.175 982.561 996.853 993.643 987.418 973.786 970.108 986.308 1007.56 1012.03 984.442 972.882 976.305 985.921 991.374 998.998
-9999 -9999 -9999 -9999 -9999 -9999 -9999 -9999 -9999 -9999 -9999 -9999 -9999 -9999 -9999 -9999 -9999 -9999 -9999 -9999 -9999 -9999 -9999 -9999 -9999 -9999 -9999 -9999 -9999 -9999 -9999 -9999 -9999 -9999 -9999 -9999 997.469 1013.02 1012.78 993.444 978.821 982.473 965.396 923.5 901.883 948.872 982.101 960.908 934.91 915.557 922.115 960.946 1002.57 1003.87 994.245 994.395 1001.49 1006.06 994.918 982.706 987.315 1005.85 997.128 977.055 963.753 966.689 953.438 942.157 961.655
-9999 -9999 -9999 -9999 -9999 -9999 -9999 -9999 -9999 -9999 -9999 -9999 -9999 -9999 -9999 -9999 -9999 -9999 -9999 -9999 -9999 -9999 -9999 -9999 -9999 -9999 -9999 -9999 -9999 -9999 -9999 -9999 -9999 -9999 -9999 981.593 986.285 985.652 966.382 958.881 976.844 999.334 945.403 887.149 899.153 961.135 987.767 959.162 926.291 944.347 957.083 975.402 1006.62 1010.89 990.345 987.997 997.592 1006.26 1032.88 1056.85 1027.66 986.363 974.559 984.903 983.393 970.826 956.45 948.323 957.499
-9999 -9999 -9999 -9999 -9999 -9999 -9999 -9999 -9999 -9999 -9999 -9999 -9999 -9999 -9999 -9999 -9999 -9999 -9999 -9999 -9999 -9999 -9999 -9999 -9999 -9999 -9999 -9999 -9999 -9999 -9999 -9999 -9999 -9999 955.884 986.805 1018.19 1003.55 945.737 922.999 944.912 976.33 945.79 927.058 945.516 956.06 957.658 969.073 967.209 980.188 982.888 964.074 972.169 984.602 990.976 999.092 1001.89 1007.95 1019.31 1040.82 1022.29 992.672 991.235 995.336 994.307 983.843 971.411 970.99 970.634
-9999 -9999 -9999 -9999 -9999 -9999 -9999 -9999 -9999 -9999 -9999 -9999 -9999 -9999 -9999 -9999 -9999 -9999 -9999 -9999 -9999 -9999 -9999 -9999 -9999 -9999 -9999 -9999 -9999 -9999 -9999 -9999 972.853 979.01 969.99 961.945 993.512 999.933 967.352 939.93 951.081 970.242 991.785 1016.98 999.954 961.022 945.794 979.542 996.75 962.138 933.335 931.261 945.215 970.464 994.257 1016.95 1020.95 1010.14 985.593 973.109 994.575 1023.71 1028.02 1005.58 998.705 998.139 999.66 1000.79 993.325
-9999 -9999 -9999 -9999 -9999 -9999 -9999 -9999 -9999 -9999 -9999 -9999 -9999 -9999 -9999 -9999 -9999 -9999 -9999 -9999 -9999 -9999 -9999 -9999 -9999 -9999 -9999 -9999 -9999 -9999 -9999 -9999 -9999 -9999 1006.92 989.564 970.134 977.541 980.966 972.982 956.654 929.89 975.632 1030.37 1033.59 1028.83 1033.93 1050.57 1037.38 979.409 938.114 947.309 968.535 980.25 986.857 1008.18 1013.97 995.089 987.584 992.379 1008.67 1031.2 1016.77 991.633 998.105 1008.31 1017.89 1028.21 1028.71
-9999 -9999 -9999 -9999 -9999 -9999 -9999 -9999 -9999 -9999 -9999 -9999 -9999 -9999 -9999 -9999 -9999 -9999 -9999 -9999 -9999 -9999 -9999 -9999 -9999 -9999 -9999 -9999 -9999 -9999 -9999 -9999 -9999 1012.08 1017.22 1010.86 992.875 996.142 1014.48 1008.06 958.807 947.817 996.663 1032.11 1030.74 1039.12 1042.55 1049.69 1048.83 1027.66 1018.9 1027.53 1027.59 1043.09 1045.02 1030.8 1004.7 975.733 989.591 1015.6 1019.23 1024.17 1012.1 1000.14 1000.13 1000.59 1008.44 1019.8 1019.64
-9999 -9999 -9999 -9999 -9999 -9999 -9999 -9999 -9999 -9999 -9999 -9999 -9999 -9999 -9999 -9999 -9999 -9999 -9999 -9999 -9999 -9999 -9999 -9999 -9999 -9999 -9999 -9999 -9999 -9999 -9999 -9999 -9999 1003.89 994.752 987.455 987.165 994.856 1019.95 1044.32 1031.57 1024.59 1015.69 1013.12 1001.03 997.509 999.92 1013.67 1024.74 1025.44 1039.53 1049.04 1032.97 1058.28 1053.61 1010.72 970.477 958.922 968.684 993.563 1020.62 1030.65 1043.11 1034.09 1001.26 991.107 1006.95 1019.66 1011.18
-9999 -9999 -9999 -9999 -9999 -9999 -9999 -9999 -9999 -9999 -9999 -9999 -9999 -9999 -9999 -9999 -9999 -9999 -9999 -9999 -9999 -9999 -9999 -9999 -9999 -9999 -9999 -9999 1003.76 -9999 961.435 972.422 1002.94 1000.31 994.567 1020.57 1015.64 967.046 963.669 999.761 1029.01 1036.32 993.42 994.974 1005.74 1007.91 1002.04 999.391 1022.76 1050.8 1045.39 1014.69 980.551 994.553 1003.69 1000.71 996.581 1000.28 994.024 984.683 972.669 978.603 1018.64 1040.79 1009.02 994.05 1009.68 1016.56 1017.77
-9999 -9999 -9999 -9999 -9999 -9999 -9999 -9999 -9999 -9999 -9999 -9999 -9999 -9999 -9999 -9999 -9999 -9999 -9999 -9999 -9999 -9999 -9999 -9999 -9999 -9999 1007.85 994.863 980.489 959.039 945.601 958.531 970.651 983.001 1004.5 1038.83 1017.45 974.213 956.076 974.44 997.525 1035.89 1032.88 1042.81 1047.02 1035.23 1016.54 1002.12 1028.25 1061.34 1053.04 1021.41 983.227 989.977 1001.23 1019.78 1026.45 1025.97 1012.66 971.014 936.531 921.015 958.812 1033.7 1038.33 998.977 997.321 1019.94 1028.93
-9999 -9999 -9999 -9999 -9999 -9999 -9999 -9999 -9999 -9999 -9999 -9999 -9999 -9999 -9999 -9999 -9999 -9999 -9999 -9999 -9999 -9999 -9999 -9999 -9999 978.416 993.822 997.555 992.595 985.519 985.765 985.862 993.324 1015.63 1033.56 1020.11 1003.08 1008.84 1030.66 1037.47 1028.29 1038.76 1040.53 1052.33 1061.52 1048.63 1035.07 1021.79 1007.39 1007.12 1044.7 1077.8 1076.62 1028.6 974.173 953.187 986.37 1020.23 1011.3 994.988 987.467 969.354 974.037 1021.43 1057.89 1034.69 1023.24 1027.81 1029.51
-9999 -9999 -9999 -9999 -9999 -9999 -9999 -9999 -9999 -9999 -9999 -9999 -9999 -9999 -9999 -9999 -9999 -9999 -9999 -9999 -9999 -9999 -9999 -9999 -9999 996.787 994.857 981.715 977.045 993.933 1000.02 991.958 1004.07 1011 1003.99 994.501 994.175 1003.99 1010.81 1004.23 990.676 982.069 985.631 1004.45 1022.02 1032.45 1021.28 1002.28 996.248 1017.6 1050.05 1087.28 1076.74 996.507 934.112 916.727 929.837 968.548 981.511 987.615 998.09 999.689 972.934 960.891 1002.55 1026.82 1013.72 991.313 985.054
-9999 -9999 -9999 -9999 -9999 -9999 -9999 -9999 -9999 -9999 -9999 -9999 -9999 -9999 -9999 -9999 -9999 -9999 -9999 -9999 -9999 -9999 -9999 -9999 -9999 1012.76 973.025 952.002 957.345 974.088 988.644 986.473 971.619 948.588 938.553 948.128 955.731 957.434 961.14 968.272 965.753 972.26 979.699 993.943 1020.88 1031.34 1015.77 1004.08 1012.45 1040.28 1052.14 1029.79 962.982 902.915 909.076 925.598 913.891 921.386 946.591 964.837 979.161 988.604 979.257 950.942 964.824 1025.1 1017.96 982.264 966.091
-9999 -9999 -9999 -9999 -9999 -9999 -9999 -9999 -9999 -9999 -9999 -9999 -9999 -9999 -9999 -9999 -9999 -9999 -9999 -9999 -9999 -9999 -9999 -9999 -9999 985.085 988.068 985.111 977.555 979.395 997.676 1001.98 971.164 950.405 955.504 958.133 950.342 936.454 936.985 971.224 995.842 978.736 970.207 987.363 1008.27 1026.64 1043.09 1047.99 1024.48 1022.64 1059.86 1031.64 964.787 942.106 944.492 945.559 932.104 936.374 957.42 977.635 982.615 979.582 988.364 989.726 997.635 1011.72 990.158 982.073 993.213
-9999 -9999 -9999 -9999 -9999 -9999 -9999 -9999 -9999 -9999 -9999 -9999 -9999 -9999 -9999 -9999 -9999 -9999 -9999 -9999 -9999 -9999 -9999 -9999 -9999 -9999 987.018 996.376 990.771 996.058 1018.5 1013.01 980.029 975.861 988.867 985.024 971.754 948 947.515 978.634 997.604 987.413 991.634 1019.29 1024.97 1029.41 1044.3 1036.36 1032.04 1058.94 1047.8 1000.1 986.341 1014.77 1019.08 1000.89 968.961 937.097 932.406 961.033 983.828 984.87 975.62 972.529 960.278 960.359 992.671 1036.79 1081.29
-9999 -9999 -9999 -9999 -9999 -9999 -9999 -9999 -9999 -9999 -9999 -9999 -9999 -9999 -9999 -9999 -9999 -9999 -9999 -9999 -9999 -9999 -9999 -9999 -9999 961.787 954.517 979.808 998.952 1011.49 1008.83 992.858 985.15 994.361 1005.85 994.645 964.789 966.043 1007.33 1038.63 1026.86 1013.85 1020.88 1027.39 1040.36 1042.05 1049.77 1055.44 1072.74 1064.16 1014.71 962.455 966.139 996.691 1013.12 1013.57 998.683 955.676 926.938 926.915 955.921 974.425 975.084 964.651 934.925 937.739 979.815 1025.1 1051.18
-9999 -9999 -9999 -9999 -9999 -9999 -9999 -9999 -9999 -9999 -9999 -9999 -9999 -9999 -9999 -9999 -9999 -9999 -9999 -9999 -9999 -9999 -9999 -9999 -9999 992.236 1006.97 1019.28 1020.66 1007.77 983.93 967.629 987.795 1016.84 1012.87 974.229 953.281 990.017 1046.57 1041.67 992.279 991.482 1013.04 1016.87 1048.14 1064.15 1066.92 1065.24 1037.49 1012.75 997.733 988.734 1000.14 1003.7 997.712 996.514 999.812 996.052 969.46 947.194 955.863 973.505 984.955 980.956 959.871 938.576 923.386 934.136 930.347
-9999 -9999 -9999 -9999 -9999 -9999 -9999 -9999 946.92 -9999 -9999 -9999 -9999 -9999 -9999 -9999 -9999 -9999 -9999 -9999 -9999 -9999 -9999 -9999 -9999 1008.48 1014.67 1010.3 995.929 974.06 975.601 979.422 997.677 1007.49 983.441 972.73 991.57 1037.74 1064.71 1011.01 969.254 999.816 1040.96 1047.49 1060.35 1047.77 1030.87 1020.17 1010.68 1004.37 1013.7 1026.07 1045.32 1036.44 1010.85 996.906 1003.41 1002.37 993.233 989.555 971.986 968.909 979.113 996.743 999.113 986.547 978.599 957.04 939.898
-9999 -9999 -9999 -9999 -9999 -9999 -9999 -9999 982.8 979.237 -9999 -9999 -9999 -9999 -9999 -9999 -9999 -9999 -9999 -9999 -9999 -9999 -9999 -9999 957.914 962.282 970.076 975.626 976.215 985.152 991.537 1007.03 1018.41 986.395 970.404 1004.39 1054.36 1071.16 1044.3 1005.69 1018.31 1039.13 1035.75 1036.73 1038.14 1025.74 1011.73 1015.26 1019.96 1003.55 1008.27 1040.67 1056.9 1024.43 991.292 993.771 1013.58 1022.47 1035.19 1012.18 943.128 922.88 954.911 992.464 1000.52 992.282 994.699 1000.64 994.903
-9999 -9999 -9999 -9999 -9999 -9999 -9999 989.717 994.946 969.021 -9999 -9999 -9999 -9999 -9999 -9999 -9999 -9999 -9999 -9999 -9999 -9999 -9999 -9999 963.155 951.213 969.522 983.181 990.447 999.416 988.973 990.236 995.576 975.583 966.778 997.461 1043.16 1055.22 1030.38 1009.88 1019.99 1022.12 1011.67 1005.61 1001.14 989.319 990.666 998.449 987.58 975.369 978.066 988.57 1005.17 1016.17 1029.49 1019.86 1017.74 1035.24 1047.33 1032.33 994.106 972.261 952.873 968.075 985.253 989.842 987.956 994.327 991.771
-9999 -9999 -9999 -9999 -9999 -9999 -9999 977.173 -9999 964.839 943.286 957.017 -9999 -9999 -9999 -9999 -9999 -9999 -9999 -9999 -9999 -9999 -9999 -9999 988.609 988.422 985.229 985.73 982.55 982.239 978.232 976.981 965.972 981.787 1010.99 1014.91 1012.48 1017.9 1003.87 986.725 995.509 1008.76 999.653 986.924 971.911 966.359 967.927 971.929 976.682 981.43 980.058 970.255 963.388 1010.01 1073.6 1075.04 1051.11 1038.69 1026.1 1023.63 1022.22 1003.9 981.064 975.017 983.634 986.663 988.008 982.588 991.101
-9999 -9999 -9999 -9999 -9999 -9999 -9999 -9999 -9999 998.979 993.175 975.235 -9999 -9999 -9999 -9999 -9999 -9999 -9999 -9999 -9999 -9999 -9999 -9999 1005.76 1020.01 996.71 980.013 981.82 985.522 990.27 998.101 977.034 999.349 1036.12 1031.6 1016.53 999.866 968.794 962.635 1000.98 1021.3 1003.04 978.604 961.817 970.57 980.852 984.145 999.147 1002.12 989.946 995.89 987.023 978.789 1028.18 1072.06 1066.32 1029.33 1006.65 1011.93 1005.93 989.855 981.091 968.67 959.802 964.846 980.881 995.72 1009.35
-9999 -9999 -9999 -9999 -9999 -9999 -9999 -9999 -9999 958.417 939.278 942.844 -9999 -9999 -9999 -9999 -9999 -9999 -9999 -9999 -9999 -9999 -9999 -9999 977.753 988.107 980.186 984.04 998.233 1012.27 1000.21 990.889 989.076 1010.47 1014.57 1016.36 1016.99 999.188 976.76 998.657 1022.81 1006.29 994.13 993.384 989.283 1002.02 1024.53 1031.13 1027.08 1029.2 1033.57 1029.15 1022.38 992.902 991.047 1026.03 1027.34 1009.05 1003.24 1016.85 1030.88 1024.67 976.737 943.87 942.477 955.046 954.236 971.264 988.881
-9999 -9999 -9999 -9999 -9999 -9999 -9999 -9999 923.018 849.755 861.858 904.821 965.336 -9999 -9999 -9999 -9999 -9999 -9999 -9999 -9999 -9999 -9999 997.106 984.81 983.14 986.778 994.23 1010.89 1014.36 1001.69 995.052 1015.97 1034.54 1026.42 1011.88 1005.71 997.974 1000.79 1010.94 1003.27 981.35 952.105 958.751 999.242 1017.54 970.521 968.513 985.685 1000.14 1017.72 1005.11 1003.77 1018.55 1004.48 995.94 1005.32 1030.67 1043.94 1034.77 1035.24 1041.13 1010.49 978.763 969.854 969.474 961.916 963.895 979.646
-9999 -9999 -9999 -9999 -9999 -9999 -9999 962.032 912.825 908.458 976.623 1011.83 998.178 1000.6 999.711 980.023 -9999 -9999 -9999 -9999 -9999 971.452 990.11 1013.2 1012.16 1007.49 1000.13 969.916 940.047 926.909 942.737 994.378 1037.95 1037.98 1023.7 1018.96 1008.35 999.82 999.463 1018.66 1015.33 1008.04 961.831 937.235 948.776 951.177 911.7 900.085 927.608 967.238 977.661 982.317 1006.23 1015.38 1008.17 993.62 999.248 1025.46 1040.14 1027.89 1015.27 1021.66 1022.47 1016.5 1009.91 996.782 995.628 988.431 965.096
-9999 -9999 -9999 -9999 -9999 -9999 973.488 967.867 981.269 1057.87 1091.5 1053.07 -9999 954.479 983.543 979.607 -9999 -9999 -9999 -9999 -9999 988.067 976.937 983.007 997.865 1004.14 1005.1 984.803 945.93 924.53 936.77 976.186 1004.3 999.822 997.942 1012.81 1024.6 1019.8 1029.37 1031.9 1013.89 986.023 972.808 978.831 965.328 953.139 964.74 977.335 983.752 978.52 959.706 970.956 1003.66 997.648 972.317 974.663 991.043 1003.74 1008.56 1013.14 1010.67 1008.5 1017.82 1015.76 1008.17 1007.02 1011.81 984.556 941.204
-9999 -9999 -9999 -9999 -9999 -9999 979.585 972.355 983.91 1055.54 1047.88 -9999 -9999 970.783 970.599 971.418 977.3 -9999 -9999 -9999 1000.5 1003.88 988.405 984.68 987.432 986.627 985.673 989.342 1003.74 1019.32 1009.24 989.272 979.754 981.589 981.589 982.361 988.352 999.724 1011 999.049 980.61 973.478 995.323 1016.08 1008.72 1005.47 1021.41 1034.13 1027.77 994.449 974.367 974.507 990.968 1000.21 968.592 961.478 984.176 995.238 1000 1018.67 1025.06 1015.27 1017.84 1019.34 1001.06 986.302 1000.45 1000.73 994.745
