inst/extdata/EV_continuous/terslpdg.asc
ncols         158
nrows         201
xllcorner     249000
yllcorner     6531500
cellsize      500
NODATA_value  -9999
[rows 150 to 179 of 201, columns 68 to 135 of 158]
0.632827 1.75073 5.16156 1.88791 2.12216 -9999 -9999 -9999 -9999 -9999 -9999 -9999 -9999 -9999 -9999 -9999 -9999 -9999 1.8392 4.67843 5.62167 1.6783 4.01119 3.53327 0.530164 2.51231 2.87154 2.21841 2.84988 4.31773 3.33619 3.09427 0.842986 0.649465 1.43152 0.844202 0.535171 1.19294 1.00808 3.69594 3.53327 1.50306 0.708963 1.18673 1.11713 1.17754 2.32785 1.99069 0.747278 0.609376 0.290035 0.947029 1.49046 0.962496 1.29402 1.58341 1.1798 1.04268 1.49622 1.98409 1.65778 2.99539 3.71598 2.41079 -9999 -9999 -9999 -9999
0.730341 0.579348 3.08912 -9999 -9999 -9999 -9999 -9999 -9999 -9999 -9999 -9999 -9999 -9999 -9999 -9999 -9999 -9999 -9999 6.04012 6.37361 0.547301 3.1966 4.71048 2.40994 1.92923 2.16761 0.719304 2.78197 4.44706 3.48703 3.02716 1.3315 1.1561 1.49004 0.567542 0.35435 1.33273 0.917102 3.82696 2.19493 2.03707 2.69495 0.649465 1.11859 1.86476 2.25021 1.64848 1.25835 0.978347 1.11566 0.186761 2.37796 1.75576 1.57758 1.66629 1.03141 1.46171 1.82937 1.01941 0.598507 1.32161 2.3566 3.03572 3.54688 -9999 -9999 -9999
-9999 -9999 -9999 -9999 -9999 -9999 -9999 -9999 -9999 -9999 -9999 -9999 -9999 -9999 -9999 -9999 -9999 -9999 -9999 5.64486 6.67342 1.38449 1.92115 5.38846 3.6293 0.983365 2.83397 1.82758 2.10783 4.70725 3.89274 3.60583 2.29356 1.74263 2.043 0.770789 0.253819 1.29005 0.628272 3.14147 2.02982 1.97924 3.29876 1.31788 1.55994 2.65024 1.78676 0.915983 1.81419 0.762764 1.34254 0.627945 2.81979 1.82533 0.587436 1.18327 1.18535 2.0832 1.36075 1.55005 0.727245 0.576508 1.41075 3.79162 4.07006 -9999 -9999 -9999
-9999 -9999 -9999 -9999 -9999 -9999 -9999 -9999 -9999 -9999 -9999 -9999 -9999 -9999 -9999 -9999 -9999 -9999 -9999 -9999 4.87737 3.72294 1.95067 5.64016 3.36757 0.174258 2.26544 2.64437 3.00493 4.67339 4.24006 3.66572 1.30632 1.10067 1.70555 1.04641 0.792311 1.63035 0.661359 2.17365 1.12572 0.613068 2.69229 1.74698 1.85341 2.82161 0.786595 0.42971 2.05718 1.49004 0.996418 0.87193 1.99644 1.90153 1.49992 0.613068 1.21524 2.58387 1.44151 2.88985 1.05033 0.339567 0.952212 3.01613 2.14625 -9999 -9999 -9999
-9999 -9999 -9999 -9999 -9999 -9999 -9999 -9999 -9999 -9999 -9999 -9999 -9999 -9999 -9999 -9999 -9999 -9999 -9999 -9999 5.46701 4.93465 3.238 5.68988 2.01402 0.467661 1.16229 3.4529 4.8498 4.1637 3.43868 2.66287 1.64836 1.51785 1.25198 0.648516 1.1488 0.927774 1.00257 1.83875 0.789977 1.57198 2.0466 1.13425 2.69411 3.01654 1.15734 0.737329 1.2655 1.77848 0.737329 0.5588 0.977508 1.55954 1.12299 0.186761 0.850977 2.08409 1.30443 3.09229 1.80365 0.830731 0.876857 3.2729 3.52337 -9999 -9999 -9999
-9999 -9999 -9999 -9999 -9999 -9999 -9999 -9999 -9999 -9999 -9999 -9999 -9999 -9999 -9999 -9999 -9999 -9999 -9999 -9999 4.70167 4.82442 5.06564 3.06774 0.696115 0.314472 0.778205 4.22259 5.94535 3.69196 2.70639 1.37722 0.326633 0.525891 0.610721 0.405136 1.12881 0.481495 1.06737 1.33196 1.2689 1.84109 0.781887 1.55005 3.2387 3.06134 2.09037 1.82174 0.571863 0.9958 1.39805 0.389121 0.837371 2.06969 0.90585 0.344962 0.94247 0.911718 0.769724 1.9811 2.51687 0.742873 0.87193 2.73473 3.06287 -9999 -9999 -9999
-9999 -9999 -9999 -9999 -9999 -9999 -9999 -9999 -9999 -9999 -9999 -9999 -9999 -9999 -9999 -9999 -9999 -9999 -9999 -9999 2.95996 3.55797 3.292 0.810231 0.688709 0.402086 3.12791 6.85174 5.69728 3.06581 2.68864 1.30898 0.670599 0.831471 0.315124 1.35863 2.39315 2.04199 1.85175 1.60105 2.72484 1.87549 0.410168 2.40237 2.94528 1.39511 0.199509 1.02363 1.14648 0.081028 1.00747 0.691384 1.03379 1.96167 0.692866 0.572939 1.52767 0.743149 0.29215 1.09018 3.2339 1.19139 0.571863 1.09619 -9999 -9999 -9999 -9999
-9999 -9999 -9999 -9999 -9999 -9999 -9999 -9999 -9999 -9999 -9999 -9999 -9999 -9999 -9999 -9999 -9999 -9999 -9999 -9999 -9999 -9999 1.32394 0.186761 1.4589 2.17412 6.56984 7.2126 4.01007 2.57657 2.3911 0.737329 0.8026 1.30914 0.878726 2.61199 2.21592 0.992706 1.36075 1.19911 2.57983 2.16686 1.08566 4.04761 3.19398 1.53089 0.474629 0.94334 1.37275 0.385412 0.52667 1.18829 1.05733 1.41612 1.40463 1.41307 1.40813 0.500301 0.461923 1.57628 3.36551 1.23699 0.282147 -9999 -9999 -9999 -9999 -9999
-9999 -9999 -9999 -9999 -9999 -9999 -9999 -9999 -9999 -9999 -9999 -9999 -9999 -9999 -9999 -9999 -9999 -9999 -9999 -9999 -9999 -9999 2.77682 0.737329 1.81147 4.75225 6.20195 5.49706 2.80365 1.74792 0.960789 0.679111 1.09675 0.907886 1.53236 2.20498 1.41322 1.40609 0.409668 2.37245 2.4456 1.43667 1.72894 4.33115 2.2136 1.99408 1.57354 1.39203 1.70987 0.737329 0.143239 1.24343 1.40274 1.58755 2.0535 2.70313 1.40463 0.663526 0.46985 1.99439 2.98116 0.955438 -9999 -9999 -9999 -9999 -9999 -9999
-9999 -9999 -9999 -9999 -9999 -9999 -9999 -9999 -9999 -9999 -9999 -9999 -9999 -9999 -9999 -9999 -9999 -9999 -9999 -9999 -9999 -9999 2.61144 0.835163 1.28176 5.32242 4.76699 5.16847 2.66372 0.591612 0.596102 0.471158 0.952212 0.474196 1.54356 1.36646 1.14236 1.27196 1.41785 2.61629 2.96383 0.393316 2.21915 3.82632 2.21887 1.31648 1.14307 1.28384 1.83686 1.37737 0.889859 0.465903 1.12043 1.00053 1.46045 3.31463 2.0451 0.427316 0.567181 1.67059 2.04109 -9999 -9999 -9999 -9999 -9999 -9999 -9999
-9999 -9999 -9999 -9999 -9999 -9999 -9999 -9999 -9999 -9999 -9999 -9999 -9999 -9999 -9999 -9999 -9999 -9999 -9999 -9999 -9999 -9999 1.52162 2.03798 3.32097 5.2277 4.01012 3.25713 2.53057 1.59566 0.933724 0.689899 0.671211 0.247268 1.52472 0.929321 0.551036 0.167044 1.48563 2.8812 2.69183 0.613068 2.61081 3.75312 2.33075 1.05733 0.882453 1.13714 1.65827 2.0888 2.15396 0.707515 0.403614 0.446108 0.771321 2.96328 2.89875 0.118118 1.28176 1.80774 0.630879 -9999 -9999 -9999 -9999 -9999 -9999 -9999
-9999 -9999 -9999 -9999 -9999 -9999 -9999 -9999 -9999 -9999 -9999 -9999 -9999 -9999 -9999 -9999 -9999 -9999 -9999 -9999 -9999 -9999 -9999 3.04413 4.33487 3.79098 2.61191 2.44962 2.21471 2.0689 1.01599 1.0091 0.081028 0.975618 1.72894 0.786595 0.271776 0.985657 2.11365 2.32969 1.72431 1.32037 2.86469 3.71998 2.40654 0.730341 0.929541 0.860565 1.74792 2.40271 3.0368 2.22946 0.704609 0.287905 0.519216 2.65988 3.46447 0.676993 2.01279 0.993119 0.393316 -9999 -9999 -9999 -9999 -9999 -9999 -9999
-9999 -9999 -9999 -9999 -9999 -9999 -9999 -9999 -9999 -9999 -9999 -9999 -9999 -9999 -9999 -9999 -9999 -9999 -9999 -9999 -9999 -9999 -9999 2.87758 4.02499 3.23396 2.35799 2.27851 2.44861 3.02554 0.751657 1.49004 0.243927 1.21946 1.31445 0.532866 0.602265 1.79762 2.99675 1.57732 0.616072 1.3624 3.03397 3.83989 2.30202 0.266439 0.850254 0.880358 1.00808 1.35939 2.40926 2.91703 1.92626 0.762495 0.628272 2.50407 3.35938 1.34985 2.21101 1.14038 -9999 -9999 -9999 -9999 -9999 -9999 -9999 -9999
-9999 -9999 -9999 -9999 -9999 -9999 -9999 -9999 -9999 -9999 -9999 -9999 -9999 -9999 -9999 -9999 -9999 -9999 -9999 -9999 -9999 -9999 -9999 2.04189 4.36352 4.16292 3.7843 3.26414 2.05389 2.89232 0.174258 1.54767 0.103291 1.26436 1.02902 1.21541 1.2603 2.55111 2.6269 0.387006 0.20257 1.21592 2.791 3.91687 2.11898 0.543539 0.21149 0.791015 0.417112 0.781624 1.14648 2.29677 2.5275 1.44648 0.32411 1.89289 2.61645 1.6233 2.38904 2.78366 -9999 -9999 -9999 -9999 -9999 -9999 -9999 -9999
-9999 -9999 -9999 -9999 -9999 -9999 -9999 -9999 -9999 -9999 -9999 -9999 -9999 -9999 -9999 -9999 -9999 -9999 -9999 -9999 -9999 -9999 -9999 1.08093 4.29788 6.41083 5.05585 2.77195 1.46731 1.82129 0.617071 1.35939 0.270262 1.24145 0.87381 0.840305 1.63274 2.51427 1.372 0.028648 0.713577 1.47678 2.18465 3.18302 2.19428 1.59836 1.03795 0.794121 0.223746 0.643754 1.01457 2.20777 3.11022 2.2346 0.503163 1.19156 2.17638 1.2275 1.90228 -9999 -9999 -9999 -9999 -9999 -9999 -9999 -9999 -9999
-9999 -9999 -9999 -9999 -9999 -9999 -9999 -9999 -9999 -9999 -9999 -9999 -9999 -9999 -9999 -9999 -9999 -9999 -9999 -9999 -9999 -9999 -9999 -9999 2.99184 6.52312 7.00441 3.54048 0.461923 0.747003 0.696999 1.57965 0.568626 1.6171 1.11234 1.0328 2.38484 1.75283 0.427316 0.283597 1.86443 2.4113 1.78217 1.90702 1.37856 1.52982 1.87713 1.07636 0.53632 0.090593 0.899488 2.01402 2.98719 2.58173 0.75193 0.715873 1.7894 0.90585 -9999 -9999 -9999 -9999 -9999 -9999 -9999 -9999 -9999 -9999
-9999 -9999 -9999 -9999 -9999 -9999 -9999 -9999 -9999 -9999 -9999 -9999 -9999 -9999 -9999 -9999 -9999 -9999 -9999 -9999 -9999 -9999 -9999 -9999 1.81125 4.24568 7.52511 6.55565 1.58186 1.09637 1.59013 1.52109 2.35217 1.94752 0.609376 2.51028 1.35697 1.48563 0.952212 0.827514 3.08634 2.37736 1.12627 0.879426 0.659495 1.10532 2.11016 1.40682 0.498247 0.689007 1.1888 1.79511 1.92913 2.8604 1.74968 0.199509 0.592997 -9999 -9999 -9999 -9999 -9999 -9999 -9999 -9999 -9999 -9999 -9999
-9999 -9999 -9999 -9999 -9999 -9999 -9999 -9999 -9999 -9999 -9999 -9999 -9999 -9999 -9999 -9999 -9999 -9999 -9999 -9999 -9999 -9999 -9999 -9999 -9999 3.47271 6.4057 7.78053 4.30361 0.060771 4.1565 2.06186 4.27936 0.964837 2.0197 1.17997 0.964837 1.72431 1.14898 1.79351 3.61917 1.50972 0.812506 0.230965 0.948327 1.23566 2.33329 1.80274 0.75193 1.02563 1.52848 1.00808 1.09018 3.08488 1.98451 0.020257 -9999 -9999 -9999 -9999 -9999 -9999 -9999 -9999 -9999 -9999 -9999 -9999
-9999 -9999 -9999 -9999 -9999 -9999 -9999 -9999 -9999 -9999 -9999 -9999 -9999 -9999 -9999 -9999 -9999 -9999 -9999 -9999 -9999 -9999 -9999 -9999 -9999 1.71943 6.06774 7.24231 5.46775 1.13317 5.62376 2.03103 5.06873 2.10822 0.962282 1.65827 1.66518 2.83513 0.749471 2.48841 3.38433 0.826771 0.725268 0.918443 0.601584 1.35213 2.63352 1.63938 1.09375 1.22365 1.01457 0.955438 1.62821 3.30327 1.07025 0.373517 -9999 -9999 -9999 -9999 -9999 -9999 -9999 -9999 -9999 -9999 -9999 -9999
-9999 -9999 -9999 -9999 -9999 -9999 -9999 -9999 -9999 -9999 -9999 -9999 -9999 -9999 -9999 -9999 -9999 -9999 -9999 -9999 -9999 -9999 -9999 -9999 -9999 1.06294 5.50104 6.64194 6.22905 1.79351 5.69686 0.393316 4.15685 2.61386 1.232 0.814271 2.41325 3.07858 0.020257 2.15976 3.18603 1.44946 0.444264 1.18949 0.704609 1.50169 2.89034 1.74205 0.967384 0.801321 1.0178 0.749744 1.38227 2.59185 0.543539 0.75926 -9999 -9999 -9999 -9999 -9999 -9999 -9999 -9999 -9999 -9999 -9999 -9999
-9999 -9999 -9999 -9999 -9999 -9999 -9999 -9999 -9999 -9999 -9999 -9999 -9999 -9999 -9999 -9999 -9999 -9999 -9999 -9999 -9999 -9999 -9999 -9999 -9999 -9999 4.1368 6.58473 7.32071 3.54117 4.68086 0.909917 3.48398 2.49998 2.43562 0.745354 3.09784 1.94436 0.648516 1.22466 2.21471 2.21619 1.11859 1.27904 1.01275 1.01457 2.71454 1.97924 0.474629 0.919558 1.21946 0.64056 0.493281 2.00504 1.1831 0.372417 -9999 -9999 -9999 -9999 -9999 -9999 -9999 -9999 -9999 -9999 -9999 -9999
-9999 -9999 -9999 -9999 -9999 -9999 -9999 -9999 -9999 -9999 -9999 -9999 -9999 -9999 -9999 -9999 -9999 -9999 -9999 -9999 -9999 -9999 -9999 -9999 -9999 -9999 1.49224 4.73678 7.45427 4.03627 3.29026 0.75193 3.90989 1.67059 1.95172 1.3624 2.98445 0.853865 0.625654 0.588831 1.19379 1.95665 1.25541 0.621377 0.846143 0.223746 2.06702 2.5228 0.264119 1.50741 1.37737 0.773976 0.474629 1.84887 1.93231 0 -9999 -9999 -9999 -9999 -9999 -9999 -9999 -9999 -9999 -9999 -9999 -9999
-9999 -9999 -9999 -9999 -9999 -9999 -9999 -9999 -9999 -9999 -9999 -9999 -9999 -9999 -9999 -9999 -9999 -9999 -9999 -9999 -9999 -9999 -9999 -9999 -9999 -9999 -9999 4.42067 6.92943 3.97992 3.03505 0.962922 4.40572 0.977718 0.653244 1.61228 2.29926 0.306543 0.607015 0.410168 0.515648 1.05169 1.71322 1.07121 1.80229 0.654499 1.68573 2.9527 0.648516 1.99398 1.37275 0.737329 1.15521 1.90841 1.82533 -9999 -9999 -9999 -9999 -9999 -9999 -9999 -9999 -9999 -9999 -9999 -9999 -9999
-9999 -9999 -9999 -9999 -9999 -9999 -9999 -9999 -9999 -9999 -9999 -9999 -9999 -9999 -9999 -9999 -9999 -9999 -9999 -9999 -9999 -9999 -9999 -9999 -9999 -9999 -9999 4.10813 6.3523 2.22256 1.8392 2.19007 4.04721 1.17475 0.94247 0.801321 0.859372 0.834426 1.33688 1.5397 1.44606 0.745354 1.72562 1.73024 1.51893 1.69192 1.50809 2.86105 1.69446 1.90444 1.66506 0.934602 1.24936 1.68463 1.12335 -9999 -9999 -9999 -9999 -9999 -9999 -9999 -9999 -9999 -9999 -9999 -9999 -9999
-9999 -9999 -9999 -9999 -9999 -9999 -9999 -9999 -9999 -9999 -9999 -9999 -9999 -9999 -9999 -9999 -9999 -9999 -9999 -9999 -9999 -9999 -9999 -9999 -9999 -9999 -9999 -9999 6.37336 2.0193 1.19962 3.42839 2.09741 1.34117 0.516443 0.253819 0.181185 0.782673 2.16449 2.36389 2.2677 1.80626 0.71616 1.62064 1.74228 1.57354 0.661359 2.06573 2.60822 2.15852 1.40274 0.747278 1.13371 0.876857 0.562824 -9999 -9999 -9999 -9999 -9999 -9999 -9999 -9999 -9999 -9999 -9999 -9999 -9999
-9999 -9999 -9999 -9999 -9999 -9999 -9999 -9999 -9999 -9999 -9999 -9999 -9999 -9999 -9999 -9999 -9999 -9999 -9999 -9999 -9999 -9999 -9999 -9999 -9999 -9999 -9999 1.48715 5.31353 4.34134 1.95623 2.14405 0.871224 1.19379 1.05091 0.628925 0.939636 1.29687 3.14244 2.59241 2.12843 2.34607 1.95329 0.853865 0.865319 0.630879 0.143239 0.931085 1.72431 1.6522 0.316423 0.730622 0.663526 0.324743 -9999 -9999 -9999 -9999 -9999 -9999 -9999 -9999 -9999 -9999 -9999 -9999 -9999 -9999
-9999 -9999 -9999 -9999 -9999 -9999 -9999 -9999 -9999 -9999 -9999 -9999 -9999 -9999 -9999 -9999 -9999 -9999 -9999 -9999 -9999 -9999 -9999 -9999 -9999 -9999 -9999 3.56639 3.04815 5.81001 1.50374 1.87002 1.4855 1.42291 0.472896 1.13497 1.80626 1.59271 3.02534 1.81351 0.842499 1.55045 2.16686 2.28891 1.15326 0.35838 0.316423 0.761149 0.223746 1.32254 0.75926 0.909917 0.64725 -9999 -9999 -9999 -9999 -9999 -9999 -9999 -9999 -9999 -9999 -9999 -9999 -9999 -9999 -9999
-9999 -9999 -9999 -9999 -9999 -9999 -9999 -9999 -9999 -9999 -9999 -9999 -9999 -9999 -9999 -9999 -9999 -9999 -9999 -9999 -9999 -9999 -9999 -9999 -9999 -9999 -9999 6.63478 3.22105 4.44418 3.28007 2.0515 1.42937 1.90755 0.953934 0.986489 2.01889 1.63023 1.85341 1.33519 0.613068 0.332238 1.64238 2.90192 2.42881 0.530164 0.730341 0.839328 0.28432 1.10197 1.02363 0.545423 0.653872 -9999 -9999 -9999 -9999 -9999 -9999 -9999 -9999 -9999 -9999 -9999 -9999 -9999 -9999 -9999
-9999 -9999 -9999 -9999 -9999 -9999 -9999 -9999 -9999 -9999 -9999 -9999 -9999 -9999 -9999 -9999 -9999 -9999 -9999 -9999 -9999 -9999 -9999 -9999 -9999 -9999 -9999 6.80318 8.05989 0.42971 4.22794 2.323 2.20024 2.68125 0.769991 0.618399 1.90874 2.48347 1.08339 0.557329 1.13497 0.854825 0.329758 2.48075 3.01742 1.70459 0.607015 0.123219 0.218175 0.876389 0.874749 0.986489 1.1029 0.444264 -9999 -9999 -9999 -9999 -9999 -9999 -9999 -9999 -9999 -9999 -9999 -9999 -9999 -9999
-9999 -9999 -9999 -9999 -9999 -9999 -9999 -9999 -9999 -9999 -9999 -9999 -9999 -9999 -9999 -9999 -9999 -9999 -9999 -9999 -9999 -9999 -9999 -9999 -9999 -9999 -9999 2.17789 9.51075 4.48951 4.16605 2.16733 2.85167 3.44171 2.47984 1.28256 1.83116 2.96521 1.05733 0.401064 0.866029 1.5021 1.53517 2.33048 2.77424 2.27086 0.850977 1.09075 0.607691 0.609376 0.628272 0.846143 0.510048 0.183435 -9999 -9999 -9999 -9999 -9999 -9999 -9999 -9999 -9999 -9999 -9999 -9999 -9999 -9999
