inst/extdata/EV_continuous/tersolrade.asc
ncols         158
nrows         201
xllcorner     249000
yllcorner     6531500
cellsize      500
NODATA_value  -9999
[rows 31 to 61 of 201, columns 69 to 137 of 158]
1009.11 993.344 1024.43 1036.97 1018.6 1005.53 993.557 993.686 990.028 957.467 938.181 965.423 988.852 1008.86 1030.72 1030.32 1027.28 1028.66 1017.3 1017.97 1031.35 1010.71 988.157 989.532 988.42 989.794 991.305 985.65 970.773 955.399 944.484 931.729 895.589 846.464 829.114 846.005 875.478 953.965 -9999 -9999 -9999 -9999 993.071 1021.66 1003.49 1000.93 1008.29 1013.03 1040.35 1091.34 1104.87 1099.33 1069.14 1054.96 1027.62 999.184 1012.21 1006.19 981.034 994.272 1022.02 1045.01 1043.66 1012.26 999.055 980.598 958.575 974.249 996
952.493 952.362 982.032 1011.34 1011.23 1005.99 1001.07 1003.09 1005.96 979.129 953.294 968.783 982.308 970.576 979.608 988.372 999.723 1026.01 1039.72 1075.61 1085.99 1051.65 1009.08 991.02 975.719 973.14 994.87 990.963 979.319 966.151 928.824 882.911 868.731 870.162 853.171 821.308 837.488 881.781 958.791 -9999 -9999 -9999 -9999 1021.86 1006.32 990.461 986.447 977.248 1004.57 1048.88 1060.47 1070.11 1067.93 1019.89 986.791 999.491 1012.84 1000.89 992.415 996.17 1000.53 1013.54 1024.74 1030.55 1055.8 1044.35 988.943 962.49 1021.65
1020.1 996.526 1005.66 1012.47 1010.81 1013.69 1018.38 1023 1021.38 1021.91 1004.35 982.111 1010.5 1017.21 1000.4 988.4 985.913 992.363 1021.8 1051.86 1050.62 1033.87 1009.03 1008.18 1011.65 993.97 1001.15 1027.52 1036.04 1032.17 1024.7 995.104 993.231 1040.59 1041.59 989.738 950.112 917.973 906.274 -9999 -9999 -9999 -9999 1030.8 1013.47 981.973 977.321 998.755 988.132 995.759 1034.48 1073.65 1080.31 1037.19 980.747 1007.3 1059.41 1049.6 1028.53 1017.75 1007.7 995.772 1011.96 1061.3 1087.75 1051.35 1027.18 -9999 -9999
1042.67 1036.54 1031.03 1023.86 1015.06 1014.4 1023.32 1030.38 1026.83 1031.56 1020.98 986.964 1001.97 1035.37 1036.99 1034.19 1013.52 986.406 987.777 1011.24 1020.45 1005.37 982.734 987.089 1020.25 1024.42 1005.85 1019.4 1028.5 1015.41 1013.48 1040.14 1076.75 1100.03 1114.88 1095.33 1032.18 969.399 -9999 -9999 -9999 -9999 -9999 1106.67 1026.21 980.498 994.59 1040.72 1043.45 1002.04 1005.91 1029.6 1040.49 1041.6 1020.06 1020.26 1054.88 1067.44 1037.01 1028.35 1023.83 1011.51 1017.49 1051.81 1062.03 -9999 -9999 -9999 -9999
1016.48 1019.74 1024.34 1031.72 1022.97 1012.67 1012.31 1019.81 1021.72 1018.78 1013.16 995.365 980.371 981.844 992.065 1014.78 1031.89 1023.17 1000.62 981.151 971.874 975.737 991.288 983.924 990.811 1004.67 1005.84 1000.18 1011.01 1019.51 1003.82 1029.4 1069.49 1054.61 1039.87 1059.36 -9999 -9999 -9999 -9999 -9999 -9999 -9999 1090.76 1046.71 1020.25 1014.97 1042.37 1069.6 1021.37 981.694 974.384 960.935 982.054 1037.75 1037.68 1023.37 1035.74 1031.13 1033.21 1022.75 1007.28 1002.96 -9999 -9999 -9999 -9999 -9999 -9999
994.002 993.37 995.948 1024.68 1027.27 1016.3 1020.79 1021.76 1019.9 1018.87 1012.85 994.384 984.766 985.508 983.005 991.028 1017.19 1032.46 1009.11 969.197 947.188 954.112 993.898 992.648 977.094 988.957 999.34 1001.79 1011.09 1046.9 1099.38 1104.39 1057.85 1039.32 1044.12 1059.27 -9999 -9999 -9999 -9999 -9999 978.703 1003.13 1006.63 1024.54 1042.48 1025.98 1019.6 1023.38 1002.86 977.29 965.076 996.322 1054.68 1085.82 1081.55 1055.76 1042.16 1033.39 1032.32 1025.57 1015.33 -9999 -9999 -9999 -9999 -9999 -9999 -9999
985.86 994.247 988.618 1002.36 1032.11 1045.21 1040.66 1033.11 1025.8 1018.32 1007.37 990.162 978.655 982.459 999.106 997.841 1004.78 1035.07 1051.62 1040.34 1015.43 982.31 948.691 958.553 982.427 993.671 995.263 997.213 999.505 1012.43 1033.08 1053.45 1044.88 1049.05 1085.65 1100.71 -9999 -9999 -9999 -9999 -9999 994.841 1025.43 1045.25 1025.51 1014.39 1007.3 1003.22 1008.6 1014.49 1007.59 1001.03 1011.11 981.709 976.43 1045.67 1084.7 1079.23 1046.22 1028.84 1041.79 1029.09 -9999 -9999 -9999 -9999 -9999 -9999 -9999
979.45 991.222 986.946 990.942 1029.13 1046.78 1032.95 1025.3 1017.05 1012.03 1005.34 993.284 976.097 971.358 991.56 998.868 995.99 1022.73 1057.42 1050.23 1047.05 1044.39 987.997 968.41 992.039 992.693 982.859 982.102 997.601 1010.94 993.361 995.523 1025.5 1044.93 1046.24 1054.15 -9999 -9999 -9999 -9999 1015.07 976.949 979.837 1037.04 1032.65 985.608 957.862 955.154 985.01 1030.85 1060.2 1053.47 1021.77 962.108 909.171 931.17 1022.11 1106.24 1101.26 1044.17 1055.14 -9999 -9999 -9999 -9999 -9999 -9999 -9999 -9999
993.427 1007.53 1016.96 1012.7 1006.67 1016.52 1011.47 1008.95 1012.47 1011.23 1004.71 997.326 997.825 997.746 999.467 1002.32 997.929 999.5 1032.61 1060.69 1070.06 1074.76 1053.95 1015.99 994.294 992.835 992.628 986.47 976.204 996.231 1051.65 1049.27 1031.88 1034.5 1018.46 -9999 -9999 -9999 -9999 -9999 1017.52 995.95 969.449 978.318 1006.9 985.096 961.883 974.259 998.864 1027.6 1064.41 1066.12 1044.41 1030.77 985.632 925.968 949.232 1040.4 1074.93 1033.63 -9999 -9999 -9999 -9999 -9999 -9999 -9999 -9999 -9999
1019 1021.94 1034.99 1031.9 1014.37 1018.49 1023.98 1016.2 1018.52 1020.67 1012.67 999.597 984.961 979.948 990.818 1013.15 1026.5 1012.85 1025.33 1084.51 1109.77 1087.02 1054.99 1011.04 1000.59 1018.34 1014.34 996.427 975.068 957.025 972.274 1001.91 1003.47 1023.96 1025.54 1016.22 -9999 -9999 1019.06 1026.04 1031.9 1028.73 999.303 961.805 964.558 981.751 984.937 998.44 1011.71 1009.95 1012.34 997.104 991.908 1023.75 1045.63 1015.15 958.385 951.968 1035.68 1035.1 -9999 -9999 -9999 -9999 -9999 -9999 -9999 -9999 -9999
1004.9 1005.05 1016.77 1019.59 1013.09 1016.81 1028.96 1024.17 1019.6 1023.94 1025.68 1013.36 979.322 960.72 977.377 999.889 1010.6 1002.65 998.308 1039.32 1075.58 1068.18 1037.89 1037.77 1040.2 1041.01 1025.04 1005.81 982.039 956.378 939.535 963.783 1008.35 1018.32 1019.06 1004.63 1006.4 1023.93 1037.68 1033.84 1021.24 1028.84 1031.17 1003.39 981.721 1009.83 1052.28 1021.19 989.801 988.763 984.868 964.792 970.096 1017.93 1059.2 1071.57 1049.59 1018.79 1056.96 1068.52 -9999 -9999 -9999 -9999 -9999 -9999 -9999 -9999 -9999
1003.14 1001.77 1005.26 1008.78 1000.77 993.985 1017.74 1041.76 1033.83 1024.85 1028.96 1029.57 1017.67 1001.86 988.224 989.465 992.147 983.145 970.019 986.908 1033.81 1043.4 1031.26 1042.39 1048.35 1027.22 1010.88 1003.43 985.749 971.058 957.527 969.636 1032.12 1040.84 1016 999.889 989.098 1009.37 1030.12 1016.8 999.975 1023.39 1053.49 1060.94 1041.11 1056.12 1080.38 1051.49 1009.96 993.347 985.336 962.278 943.633 965.118 1034.42 1070.73 1066.2 1056.05 1033.91 1032.74 -9999 -9999 -9999 -9999 -9999 -9999 -9999 -9999 -9999
1022.09 1013.61 1006.43 1008.23 1003.59 993.008 1001.74 1023.93 1032.23 1035.12 1039.21 1038.97 1044.98 1023.52 977.134 957.632 956.255 946.653 943.166 962.156 1008.55 1050.97 1072.82 1046.92 1032.21 1015.61 982.907 971.618 987.65 995.587 980.783 971.93 976.645 1007.71 1025.27 1007.85 995.339 995.483 1005.49 1009.46 1021.49 1020.9 1037.17 1066.58 1065.42 1049.9 1032.55 1022.75 1017.35 1008.71 983.23 962.949 992.751 1007.56 1032.09 1054.5 1035.16 1000.25 961.692 -9999 -9999 -9999 -9999 -9999 -9999 -9999 -9999 -9999 -9999
1028.36 1033.2 1026.21 1009.4 1000.23 999.152 991.992 1002.52 1032.13 1038.64 1038.04 1049.09 1069.17 1073.02 1031.22 966.917 952.697 996.58 999.639 971.411 978.821 1035.37 1081.99 1066.83 1032.11 1009.87 977.897 941.307 957.729 1010.08 1048.18 1011.64 977.527 976.666 991.264 1008.58 1004.07 977.124 976.634 1013.45 1027.91 1011.36 970.583 939.781 953.425 981.247 993.729 999.587 1000.42 998.74 990.835 1015.49 1048.7 1049.51 1025.51 1038.79 1044.46 998.56 976.846 964.308 -9999 -9999 -9999 -9999 -9999 -9999 -9999 -9999 -9999
1012.15 1016.8 1023.12 1006.99 987.522 993.853 1001.43 1003.89 1015.92 1031.89 1034.62 1051.03 1081.02 1100.69 1111.23 1101.02 1095.31 1093.73 1038.58 966.413 967.67 1007.5 1030.69 1032.17 1018.87 998.287 969.982 935.926 945.267 1011.43 1076.38 1068.2 1055.16 1028.76 1026.35 1042.44 1041.66 1024.04 1004.08 1002.91 1014.28 991.655 915.438 882.93 905.588 947.601 964.355 979.564 992.925 988.267 989.663 1010.87 1028.81 1041.82 1026.84 1005.54 1010.75 992.464 973.625 966.222 -9999 -9999 -9999 -9999 -9999 -9999 -9999 -9999 -9999
1000.22 1011.35 994.653 987.046 996.754 996.842 1003.92 1007.02 1025.06 1055.26 1056.41 1055.37 1064.06 1069.5 1097.4 1130.95 1124.91 1084.86 1049 1031.87 1016.51 1019.5 1028.68 1023.23 1009.44 995.467 981.612 993.505 1032.18 1065.78 1078.48 1073.22 1054.33 1036.75 1037.52 1050.92 1058.14 1049.49 1008.27 971.785 983.853 1001.3 1009.57 1011.28 978.051 966.199 973.693 990.381 997.897 993.945 991.728 997.698 1022.15 1038.5 1035.24 1027.33 1028.61 1014.05 1008.77 1017.27 -9999 -9999 -9999 -9999 -9999 -9999 -9999 -9999 -9999
992.906 1005.85 994.064 995.362 983.739 986.072 999.406 1007.29 1012.56 1018.14 1033.9 1038.53 1038.89 1037.68 1032.22 1045.73 1057.33 1063.38 1084.66 1090.77 1028.82 1009 1024.15 1019.75 994.549 980.512 995.433 1049.02 1097.08 1082 1048.76 1029.92 1018.99 1012.27 1003.8 1013.79 1034.07 1030.78 1010.72 973.177 949.952 969.814 1046.52 1077.97 1025.02 988.333 986.345 997.573 1002.06 1003.92 1019.17 1045.19 1062.43 1042.36 1048.83 1047.15 1020.84 1022.33 1035.3 1040.73 -9999 -9999 -9999 -9999 -9999 -9999 -9999 -9999 -9999
1002.69 1010.52 1042.37 1059.59 1064.67 1046.68 1018.96 1010.76 1012.49 1002.63 1020.62 1032.77 1006.76 986.505 967.537 969.868 992.688 1025.75 1061.74 1091.46 1054.22 1004.66 995.657 989.995 981.018 983.034 1011.59 1062.83 1067.98 1042.9 1022.52 1015.57 1006.57 1004.99 1007.61 1007.39 1018.07 1046.97 1079.2 1054.92 1012.48 991.92 1003.95 1039.2 1040.01 1018.79 1001.71 983.639 986.231 1005.76 1037.67 1074.81 1082.16 1064.09 1049.96 1017.94 993.605 1015.99 1037.34 1030.15 -9999 -9999 -9999 -9999 -9999 -9999 -9999 -9999 -9999
1097.7 1074.91 1067.67 1078.7 1096.64 1086.85 1045.73 1017.84 999.301 1016.01 1029.94 1038.63 1018.95 980.172 958.449 948.54 943.128 974.89 1023.08 1062.21 1062.74 1018.2 985.267 970.46 976.974 998.688 1042.91 1069.26 1040.1 1014.95 1016.58 1016.52 1004.36 1001.9 1010.68 1012.36 1016.09 1039.75 1067.32 1065.05 1058.09 1038.8 1006.06 1005.01 1019.77 1022.75 1007.84 989.726 987.832 1000.83 1018.52 1028.75 1041.18 1067.17 1063.76 1033.71 1051.19 1067.62 1055.6 1033.26 1025.12 -9999 -9999 -9999 -9999 -9999 -9999 -9999 -9999
1056.5 1060.75 1065.5 1057.85 1054.65 1055.88 1059.43 1046.04 1020.35 1020.11 1012.89 999.98 1003.95 1000.41 989.052 985.377 972.194 963.897 975.936 999.168 1013.76 997.942 971.332 973.015 973.933 984.719 1020.8 1037.13 1022.47 1007.16 1004.41 1003.29 1014.09 1023.34 1014.7 1013.24 1018.9 1013.3 1006.03 1008.22 1016.21 1020.66 1020.75 1013.85 1003.88 996.689 993.568 991.17 991.506 995.391 997.045 989.987 994.532 1027.91 1046.88 1046.76 1088.14 1105.65 1081.57 1060.45 1033.74 -9999 -9999 -9999 -9999 -9999 -9999 -9999 -9999
934.945 981.56 1046.27 1060.55 1057.67 1056.01 1054.17 1073.08 1074.67 1037.92 1002.55 982.285 977.777 991.796 1005.62 1004.93 994.915 977.574 966.432 958.345 963.601 979.783 990.023 974.601 957.159 948.986 952.615 972.897 1003.45 991.941 967.71 984.316 1008.88 997.164 969.387 971.59 1000.45 1014.73 1001.53 969.041 977.074 1021.42 1043.74 1032.64 1009.67 995.882 996.643 978.049 963.084 981.447 1001.62 1007.8 1009.57 1013.08 1033.19 1079.65 1108.27 1086.5 1073.04 1077.64 1057.98 -9999 -9999 -9999 -9999 -9999 -9999 -9999 -9999
946.67 962.336 998.866 1048.98 1060.82 1046.82 1036.66 1048.6 1038.95 1015.41 998.643 980.681 973.063 978.403 987.492 976.658 966.147 964.35 954.454 945.507 958.391 977.563 993.167 979.044 948.052 921.286 914.568 943.976 1001.63 1013.8 1006.97 995.062 990.433 976.658 952.161 940.468 949.245 984.041 1018.26 1033.62 1032.3 1025.38 1019.61 1014.04 1006.3 999.762 1000.27 986.635 975.655 982.953 1003.31 1014.92 1027.5 1035.68 1068.11 1115.53 1090.08 1065.37 1082.62 1084.14 1065.03 -9999 -9999 -9999 -9999 -9999 -9999 -9999 -9999
967.913 952.719 957.251 1012.55 1028.2 1027.6 1043.26 1039.53 1003.36 991.467 992.921 978.801 959.916 938.639 928.392 943.782 947.396 940.335 936.241 957.767 985.928 995.515 991.967 989.134 969.86 951.391 982.509 1006.43 1004.21 1027.46 1053.52 1012.41 968.859 976.521 997.254 987.015 941.782 928.851 974.606 1027.29 1023.18 985.824 979.52 1007.67 1025.72 1021.65 1018.33 1015.24 1006.7 984.249 993.344 1006.04 1017.45 1019.98 1037.58 1055.6 1043.35 1048.26 1085.84 1104.93 1061.92 -9999 -9999 -9999 -9999 -9999 -9999 -9999 -9999
987.725 959.521 937.847 967.582 1009.74 1030.95 1050.59 1031.94 1006.51 990.982 983.268 981.762 962.87 936.076 937.568 955.5 952.047 946.841 961.534 970.468 986.798 1001.23 1008.14 1015.52 1012.72 1005.52 997.625 986.34 963.563 979.268 1006.77 1012.36 993.859 973.3 984.461 996.687 968.301 933.179 944.478 973.392 977.345 967.706 973.914 985.773 1003.58 1015.2 1014 1014.34 1023.87 1007.22 997.05 1004.07 1012.07 1007.32 996.096 995.954 1008.22 1017.47 1029.53 1048.56 1047.47 1061.02 -9999 -9999 -9999 -9999 -9999 -9999 -9999
1017.9 995.126 928.876 920.098 992.44 1020.41 991.349 974.83 986.443 994.579 984.176 971.174 960.971 968.685 982.984 984.426 966.565 948.365 951.7 957.859 963.688 972.201 996.351 1010.51 1020.96 1023.94 964.301 924.118 906.509 911.917 956.532 1006.45 1030.04 1007.31 979.796 981.377 987.647 976.458 982.714 986.564 978.299 965.638 945.194 926.457 933.822 967.007 989.796 1005.79 1026.21 1021.76 1005.79 1002.47 1008.86 1000.55 987.532 992.635 987.22 989.619 981.608 985.082 1021.51 1057.46 -9999 -9999 -9999 -9999 -9999 -9999 -9999
1021.75 1019.47 983.25 955.46 966.043 993.24 981.565 980.554 996.909 1001.53 998.309 988.216 987.883 1005.66 1006.5 1001.03 994.937 982.925 970.408 964.765 972.543 978.368 996.826 1014.15 1035.69 1059.09 1023.77 977.405 950.514 907.463 884.58 929.745 984.876 980.915 966.168 976.754 1042.48 1069.11 1026.67 965.435 952.609 955.296 943.931 960.452 988.247 980.433 976.108 989.965 997.264 990.088 994.59 994.567 987.945 981.826 990.366 990.865 977.149 965.533 948.368 964.347 993.932 1016.81 -9999 -9999 -9999 -9999 -9999 -9999 -9999
1000.94 1026.25 1043.76 1023.34 986.346 986.776 1006.45 1015.13 1010.28 1002.4 1000.59 1011.16 1029.56 1033.71 1031.76 1013.59 1012.99 1021.68 1011.93 998.471 993.852 995.652 996.299 1013.39 1040.83 1048.43 1022.03 977.309 954.782 947.391 917.23 900.579 944.058 1006.01 1036.79 1024.94 1036.99 1046.95 1030.9 998.353 990.682 997.818 990.977 1000.38 1006.96 971.236 944.82 949.568 936.702 937.095 976.449 994.512 983.408 983.282 1004.88 1004.63 1012.71 1018.22 1002.58 993.129 1006.51 1022.63 -9999 -9999 -9999 -9999 -9999 -9999 -9999
987.568 1009.23 1022.94 1012.17 980.942 984.389 1006.51 998.116 990.137 972.714 942.527 934.979 950.978 975.661 998.893 1010.19 1021.77 1035.89 1038.35 1019.94 987.604 986.965 996.334 1002.16 1020.13 1033.85 1032.49 1006.69 975.552 976.654 990.584 950.061 926.431 1003.9 1068.32 1047.85 1006.13 987.497 999.173 1039.89 1055.33 1041.31 1020.38 1001.77 979.645 958.853 945.737 933.778 915.92 905.135 948.284 992.018 999.484 1015.77 1027.01 1025.08 1031.93 1053.73 1052.47 1024.16 1004.36 997.901 -9999 -9999 -9999 -9999 -9999 -9999 -9999
953.411 964.634 975.919 987.115 975.598 968.245 993.353 1007.32 997.651 959.169 921.446 906.02 923.851 949.922 971.429 1012.9 1033.46 1026.66 1035.91 1044.32 1020.45 998.042 998.768 1003.03 997.292 997.856 1016.25 1031.62 1040.72 1025.61 1008.33 989.225 953.966 946.089 961.583 988.595 1014.95 997.722 980.529 1007.19 1039.37 1043.61 1042.7 1030.46 1001.01 986.976 974.895 946.81 948.945 964.896 963.254 991.257 1016.3 1024.22 1021.84 1023.56 1026.93 1034.88 1043.91 1041.61 1025.85 1030.39 -9999 -9999 -9999 -9999 -9999 -9999 -9999
929.053 945.145 963.941 985.219 997.772 980.21 969.215 990.914 987.69 971.876 982.452 991.697 994.211 994.378 988.277 1007.6 1029.44 1040.88 1048.31 1055.35 1049.65 1026.34 1009.85 1002.61 983.205 963.206 966.777 997.438 1035.91 1046.14 1034.17 1041.57 1028.81 982.029 967.456 992.001 1017.38 1015.43 993.517 987.164 1028.63 1058.87 1060.88 1031.94 1009.19 1008.89 1007.08 962.409 949.723 969.052 960.264 977.131 1003.63 1006.51 1002.5 1016.9 1031.82 1036.18 1035.39 1034.36 1035.98 1036.08 1049.11 -9999 -9999 -9999 -9999 -9999 -9999
977.348 951.086 954.172 963.824 983.087 994.024 991.098 977.02 966.232 987.992 1017.19 1023.3 1014.49 1016.91 1009.74 1005.46 1023.7 1055.13 1060.33 1045.88 1033.03 1026.19 1016.69 1003.51 993.796 1008.54 1033.96 1038.92 1036.76 1043.07 1040.41 1049.72 1037.44 1012.39 1010.91 1014.06 1031.21 1036.92 1021.37 1000.7 1017.45 1046.18 1029.91 1003.35 1003.08 1014.49 1016.01 998.586 974.467 943.121 919.817 949.55 995.423 1026.95 1022.47 1014.67 1021.28 1035.5 1042.07 1033.46 1017.04 1030.66 1053.49 -9999 -9999 -9999 -9999 -9999 -9999
