inst/extdata/EV_continuous/tertpi09.asc
ncols         158
nrows         201
xllcorner     249000
yllcorner     6531500
cellsize      500
NODATA_value  -9999
[rows 150 to 179 of 201, columns 67 to 133 of 158]
5.01754 -10.4909 -28.4808 12.551 57.7826 8.02273 -9999 -9999 -9999 -9999 -9999 -9999 -9999 -9999 -9999 -9999 -9999 -9999 -9999 -52.14 -12 45.3182 68.6389 21.4286 -24.4875 -35.8519 -30.7778 -16.716 -38.3457 -48.4444 -8.53086 -4.53087 33.9136 34.1728 18.2099 8.18518 -11.2716 -6.45679 4.91357 45.4074 37.5556 -15.4691 -32.3704 -30.679 -29.8889 -9.76543 -18.3457 -2.69136 8.77777 10.9506 -2.06172 -12.6296 -10.0494 2.82716 9.93828 2.62962 1.66667 -5.25926 0.666672 -9.46913 1.83951 25.8158 8.80597 -17.2759 -26.449 -9999 -9999
-16.9583 -1.06522 -2.90698 -37.55 -9999 -9999 -9999 -9999 -9999 -9999 -9999 -9999 -9999 -9999 -9999 -9999 -9999 -9999 -9999 -9999 -59.0189 50.4032 62.8986 60.5067 18.3038 -36 -45.7531 -32.6049 -28.2716 -43.2222 0.456787 4.41975 27.7284 26.4938 24.8272 -5.28395 -13.1852 -9.17284 4.88889 20.9753 29.9383 -32.5679 8.48148 -35.0123 -33.5432 -20.1605 -24.679 2.98766 3.69136 26.8272 14.2099 -4.69136 -9.03703 -13.1235 23.7654 5.98766 20.5679 -19.3704 13.3827 3.35803 44.0988 14.0649 26.8971 4.94916 -0.360001 -61.3171 -9999
-9999 -9999 -9999 -9999 -9999 -9999 -9999 -9999 -9999 -9999 -9999 -9999 -9999 -9999 -9999 -9999 -9999 -9999 -9999 -9999 -56.8367 45.7414 71.2879 65.9041 27 -42.3333 -50.7531 -52.3827 -3.96296 -41.4321 -21.7654 4.22223 17.1358 40.8272 39.2469 -4.41975 -0.950623 -5.46913 -6.71605 26.9877 16.5679 -24.5185 11.1481 -4.98766 -34.6914 -25.9753 -13.7037 5.28395 8.39507 1.71605 18.4815 5.66667 -13.8395 -16.1605 40.8642 14.7284 32.7531 -4.5679 4.4321 28.7901 9.74074 11.2597 17.6471 1.15254 1.78 -58.6098 -9999
-9999 -9999 -9999 -9999 -9999 -9999 -9999 -9999 -9999 -9999 -9999 -9999 -9999 -9999 -9999 -9999 -9999 -9999 -9999 -9999 -9999 37.8491 51.8387 64.9857 32.3289 -37.5125 -48.8765 -53.5556 -32.5062 -44.4444 -13.2716 11.5679 37.1975 58.4444 30.9753 21.4568 -16.9136 -12.037 8.08643 25.321 19.1481 13.3704 14.7778 2.69136 -33.9383 -34.8272 -0.777771 11.9753 -5.79013 4.2963 24.8025 12.4198 -13.963 -1.85185 10.6173 12.1852 26.3827 -14.1235 1.77777 39.1605 33.5875 -3.52632 15.4328 1.25862 5.10204 -24.35 -9999
-9999 -9999 -9999 -9999 -9999 -9999 -9999 -9999 -9999 -9999 -9999 -9999 -9999 -9999 -9999 -9999 -9999 -9999 -9999 -9999 -9999 -44.9388 30.7241 74.3731 -5.54054 -37.8608 -49.5432 -50.2716 -43.8765 -1.5679 0.320984 12.8025 25.8148 28.7531 8.44444 7.88889 -18.2963 1.1358 11.5802 28.0494 9.85185 -5.66667 -0.469131 -21.1111 -32.358 -38.8395 -7.8642 -1.40741 -5.71605 -14.7901 3.83951 11.4568 1.44444 -15.8272 3.09877 -5.16049 13.4074 3.95062 -7.40741 46.3375 21.5769 -8.22974 4.1077 -3.91072 5.40425 -51.2895 -9999
-9999 -9999 -9999 -9999 -9999 -9999 -9999 -9999 -9999 -9999 -9999 -9999 -9999 -9999 -9999 -9999 -9999 -9999 -9999 -9999 -9999 -44.9348 65.9636 33.8281 -33.8472 -38.141 -45.2716 -39.1975 -72.7901 -13.2593 15.2593 22.9012 17.716 14.2222 3.35803 -2.50618 -8.45679 2.61728 -0.59259 15.1111 -23.1111 10.7037 -19.1605 -29.2963 -30.9012 -4.16049 14.0123 22.9506 -3.64197 5.49382 -14.5309 -2.40741 -4.75308 -9.03703 -2.18518 23.2469 -2.72839 10.9012 7.1125 15.9744 19.2133 -12.4507 -18.8065 -8.75471 -15.75 -53.9429 -9999
-9999 -9999 -9999 -9999 -9999 -9999 -9999 -9999 -9999 -9999 -9999 -9999 -9999 -9999 -9999 -9999 -9999 -9999 -9999 -9999 -9999 -39.6429 -2.13726 -26.1 -17.8986 -9.46053 -52.85 -62.9506 -43.1111 15.7654 9.72839 29.8148 24.1728 13.4321 2.66667 -13.6667 -13.0617 7.46913 29.2222 2.82716 36.6049 -7.69136 -34.5185 -28.0617 -24.4074 -2.74074 17.0247 23.8519 19.0988 -10.642 -22.716 -11.0123 -5.04938 -7.06172 7.62962 14.716 5.03703 15.4938 28.6709 3.80263 22.3194 5.86568 -29.1724 -15.9796 -15.075 -9999 -9999
-9999 -9999 -9999 -9999 -9999 -9999 -9999 -9999 -9999 -9999 -9999 -9999 -9999 -9999 -9999 -9999 -9999 -9999 -9999 -9999 -9999 -9999 -9999 -16.7193 -27.6667 -51.027 -63.8481 -31.1605 23.1111 45.358 8.18518 35.1605 29.6543 26.1235 -7.91357 -16.5432 0.753082 23.2222 54.8148 13.6914 20.5926 3.19753 -18.4815 -43.4691 -16.3333 26.6543 13.2346 2.67902 3.33333 -9.37038 -7.2963 -17.8519 -5.4321 -0.135803 0.69136 17.5062 9.12346 27.5062 26.6538 14.7162 25.3333 -16.2381 -34.0741 -29.2444 -9999 -9999 -9999
-9999 -9999 -9999 -9999 -9999 -9999 -9999 -9999 -9999 -9999 -9999 -9999 -9999 -9999 -9999 -9999 -9999 -9999 -9999 -9999 -9999 -9999 -9999 -36.2222 18.2698 -57.0694 -54.2564 4.4321 38.4321 50.5432 46.1235 31.963 22.8765 12.9753 -10.1728 -14.3457 17.9506 41.6667 18.0247 41.4568 16.3086 -4.04938 -17.5802 -34.0247 6.69136 45.6049 27.4691 10.3457 19.7284 -12.8272 -19.8765 -19.7778 -15.963 0.049377 -2.50618 -11.0247 3.24692 30.8375 24.8947 25.338 25 -16.1897 -19.8571 -9999 -9999 -9999 -9999
-9999 -9999 -9999 -9999 -9999 -9999 -9999 -9999 -9999 -9999 -9999 -9999 -9999 -9999 -9999 -9999 -9999 -9999 -9999 -9999 -9999 -9999 -9999 -31.4231 4.11475 -59.9143 -12.987 -7.83951 9.75309 68.7531 41.642 27.2963 13.9136 1.35803 -8.39507 -6.23457 10.0988 -0.037033 9.22223 39.3086 43.2963 -19.2099 -30.8025 -20.963 4.24692 26.7407 40.8519 12.0988 10.5062 -8.24692 -9.40741 -22.8519 -21.4321 -19.358 -21.0123 -21.3086 0.283951 32.0253 14.3649 17.2353 30.3279 -10.0755 -9999 -9999 -9999 -9999 -9999
-9999 -9999 -9999 -9999 -9999 -9999 -9999 -9999 -9999 -9999 -9999 -9999 -9999 -9999 -9999 -9999 -9999 -9999 -9999 -9999 -9999 -9999 -9999 -37.551 -32.8966 -25.0299 -9.6 26.8 32.5802 46.5926 14.3951 20.7284 10.4815 -6.12346 -19.6543 -11.4568 11.3704 8.74074 22.7778 3.45679 3.8642 -11.3704 -36.6173 -15.6543 4.19753 51.8148 30.7284 16.5432 16.9877 -7.23457 -6.20987 -17.3333 -22.9383 -23.6543 -17.2099 -20.0864 -24.6 16.3766 28.8028 29.1563 7.80357 -1.93617 -9999 -9999 -9999 -9999 -9999
-9999 -9999 -9999 -9999 -9999 -9999 -9999 -9999 -9999 -9999 -9999 -9999 -9999 -9999 -9999 -9999 -9999 -9999 -9999 -9999 -9999 -9999 -9999 -9999 -57.2037 -13.0952 14.1528 34.1795 8.9125 6.2963 7.61728 19.1235 -2.27161 -13.1111 -4.22223 -3.16049 17.5185 22.1481 10.6667 21.8519 -12.0494 -36.3333 -39.9383 -13.037 0.839508 34.8148 35.5432 13.7654 7.98766 5.87654 19.7037 1.32098 -25.3951 -24.8395 -24.9136 -24.625 -20.7949 25.1487 44.9851 -0.033905 -9.53999 -4.53659 -9999 -9999 -9999 -9999 -9999
-9999 -9999 -9999 -9999 -9999 -9999 -9999 -9999 -9999 -9999 -9999 -9999 -9999 -9999 -9999 -9999 -9999 -9999 -9999 -9999 -9999 -9999 -9999 -9999 -36.7647 -24.0667 -10.087 -13.0395 -5.69621 13.3333 19.4691 36.9506 1.06172 -7.75308 -5.66667 13.358 25.8765 5.12346 29.7654 -30.4568 -17.3333 -34.7037 -38.9506 -20.3951 5.30864 35.9012 32.8025 19.6049 9.81482 24.9877 23.8148 12.284 8.65433 -18.2963 -22.1125 -31.8333 -15.3867 7.35715 29.5 23.283 -1.27272 -9999 -9999 -9999 -9999 -9999 -9999
-9999 -9999 -9999 -9999 -9999 -9999 -9999 -9999 -9999 -9999 -9999 -9999 -9999 -9999 -9999 -9999 -9999 -9999 -9999 -9999 -9999 -9999 -9999 -9999 -49.4255 -43.8571 -6.23077 -6.39726 24.8442 8.47501 19.8889 34.9012 -0.765427 -4.4321 -2.75308 18.2222 12.5556 6.11111 29.1852 -28.2716 -28.9012 -32.5062 -29.4321 -23.2222 11.1975 33.4691 27.6049 19.3086 11.6296 24.5062 17.6667 31.3333 11.2469 -6.83749 -32.4487 -30.8933 -29.0563 3.52307 22.4821 10.0426 -36 -9999 -9999 -9999 -9999 -9999 -9999
-9999 -9999 -9999 -9999 -9999 -9999 -9999 -9999 -9999 -9999 -9999 -9999 -9999 -9999 -9999 -9999 -9999 -9999 -9999 -9999 -9999 -9999 -9999 -9999 -64.9767 -79.8462 -15.1639 23.5429 42.92 30.3038 29.0494 36.3333 5.18518 -6.85185 -5.11111 12.0988 8.75308 3.81482 -18.8272 -26.5309 -28.1235 -31.5679 -23.6543 -19.8519 -3.64197 21.1728 14.4198 22.2593 16.6049 31.8642 14.6543 16.9506 6.35803 -1.94937 -32.7105 -30.25 -16.9702 1.73334 12.1569 -13.7143 -9999 -9999 -9999 -9999 -9999 -9999 -9999
-9999 -9999 -9999 -9999 -9999 -9999 -9999 -9999 -9999 -9999 -9999 -9999 -9999 -9999 -9999 -9999 -9999 -9999 -9999 -9999 -9999 -9999 -9999 -9999 -9999 -80.7551 -53.7069 11.0299 58.6849 44.4231 27.2469 16.5062 11.3086 -12.1111 -1.41975 13.8025 39.5185 6.46913 -26.1975 -27.321 -27.7284 -30.4938 -16.8519 -3.5679 -2.87654 6.22223 -5.69136 5.49382 22.8889 18.6667 20.642 35.5556 32.7654 18.7308 -16.2703 -20.8261 -25.4603 -18.5455 5.41304 -9999 -9999 -9999 -9999 -9999 -9999 -9999 -9999
-9999 -9999 -9999 -9999 -9999 -9999 -9999 -9999 -9999 -9999 -9999 -9999 -9999 -9999 -9999 -9999 -9999 -9999 -9999 -9999 -9999 -9999 -9999 -9999 -9999 -78.0444 -54.7778 -33.2222 47.6571 55.9079 30.5375 43.2346 -28.6667 -1.67902 10.1235 39.2716 5.71605 0.481476 -8.16049 -26.9259 -27.2963 -14.3086 26.8025 -2 8.09877 -5.90123 -3.45679 6.22223 18.642 19.1235 11.2963 37.4815 25.4444 7.63637 -6.69444 -29.0606 -24.1186 -19.74 -9999 -9999 -9999 -9999 -9999 -9999 -9999 -9999 -9999
-9999 -9999 -9999 -9999 -9999 -9999 -9999 -9999 -9999 -9999 -9999 -9999 -9999 -9999 -9999 -9999 -9999 -9999 -9999 -9999 -9999 -9999 -9999 -9999 -9999 -9999 -94.8 -52.3559 -26.0299 66.3649 49.6835 51.3827 -38.4691 15.5309 31.2469 27.9383 -11.2222 -6.7037 -0.160492 -26.358 -26.9012 -5.38272 30.4444 15.5556 2.03703 -3.74074 -3.75308 -12.4444 27.3827 23.4321 13.5185 11.8642 10.358 20.3684 20.3286 -27.7778 -22.5091 -9999 -9999 -9999 -9999 -9999 -9999 -9999 -9999 -9999 -9999
-9999 -9999 -9999 -9999 -9999 -9999 -9999 -9999 -9999 -9999 -9999 -9999 -9999 -9999 -9999 -9999 -9999 -9999 -9999 -9999 -9999 -9999 -9999 -9999 -9999 -9999 -94.7333 -88.3519 -1.47619 46.9718 79.8182 -11.775 -56.0617 5.60493 30.2346 16.3951 12.4815 39.8889 -11.963 -25.4198 -26.284 29.8889 29.0988 26.1975 0.209869 -16.3704 -15.8395 2.1358 26.6296 22.4321 8.40741 2.92592 7.25 21.8784 -23.8508 -27.8814 -22.38 -9999 -9999 -9999 -9999 -9999 -9999 -9999 -9999 -9999 -9999
-9999 -9999 -9999 -9999 -9999 -9999 -9999 -9999 -9999 -9999 -9999 -9999 -9999 -9999 -9999 -9999 -9999 -9999 -9999 -9999 -9999 -9999 -9999 -9999 -9999 -9999 -90.7317 -75 22.5932 3.07353 83.52 14.4557 -46.5309 -12.5062 -2.85185 30.0988 29.7654 39.8025 -23.4938 -24.8765 -24.3704 8.60493 31.1481 21 8.72839 -12.1975 -17.0864 0.50618 23.3704 14.5185 12.1358 3.97531 -5.87341 12.2917 -10.6406 -26 -8.89131 -9999 -9999 -9999 -9999 -9999 -9999 -9999 -9999 -9999 -9999
-9999 -9999 -9999 -9999 -9999 -9999 -9999 -9999 -9999 -9999 -9999 -9999 -9999 -9999 -9999 -9999 -9999 -9999 -9999 -9999 -9999 -9999 -9999 -9999 -9999 -9999 -9999 -96.1064 -50.5357 1.23077 62.6438 21.3718 -43.9753 -18.8765 -0.604935 28.5309 48.5309 8.35803 -20.4815 -25.037 -16.7037 -7.25926 16.5185 25.1605 7.95062 -16.9506 -26.7284 -11.1358 13.5926 13.0247 16.5926 9.07408 1.17949 0.542862 -9.60655 -23.1538 -19.6279 -9999 -9999 -9999 -9999 -9999 -9999 -9999 -9999 -9999 -9999
-9999 -9999 -9999 -9999 -9999 -9999 -9999 -9999 -9999 -9999 -9999 -9999 -9999 -9999 -9999 -9999 -9999 -9999 -9999 -9999 -9999 -9999 -9999 -9999 -9999 -9999 -9999 -88.75 -68.717 -21.6774 33.8028 32.4286 -42.2346 -12.9753 5.41975 8.28395 36.358 8.72839 -23.2716 -15.3457 -12.284 -12.8519 -1.92592 6.24692 -4.8642 -9.98766 -21.3457 -16.0864 10.4938 28.2346 10.6667 -0.512497 -1.23685 2.38806 18.6379 -20.4694 -17.825 -9999 -9999 -9999 -9999 -9999 -9999 -9999 -9999 -9999 -9999
-9999 -9999 -9999 -9999 -9999 -9999 -9999 -9999 -9999 -9999 -9999 -9999 -9999 -9999 -9999 -9999 -9999 -9999 -9999 -9999 -9999 -9999 -9999 -9999 -9999 -9999 -9999 -9999 -86.5098 -17.6167 30.7391 28.9605 -26.1111 9.48148 26.5679 8.90123 28.9877 -19.321 -23.1852 -18.0741 -23.642 -14.037 -15.4074 3.16049 9.53087 -9.5679 -19.5432 -11.5556 6.69136 43.0864 14.5125 3.58974 -10.589 12.5625 13.1273 -17.5 -9999 -9999 -9999 -9999 -9999 -9999 -9999 -9999 -9999 -9999 -9999
-9999 -9999 -9999 -9999 -9999 -9999 -9999 -9999 -9999 -9999 -9999 -9999 -9999 -9999 -9999 -9999 -9999 -9999 -9999 -9999 -9999 -9999 -9999 -9999 -9999 -9999 -9999 -9999 -83.7347 -18.8793 -7.9403 -12.6133 -33.4568 5.51852 32.3086 4.74074 -1.45679 -14.7531 -24.2963 -11.2963 -16.1728 -11.8889 -15.3704 -17.0617 22.8765 26.5556 -16.4691 -17.8272 8.91357 29.0617 19.3418 -2.0658 -6.74286 1.77049 -0.42308 -15.7907 -9999 -9999 -9999 -9999 -9999 -9999 -9999 -9999 -9999 -9999 -9999
-9999 -9999 -9999 -9999 -9999 -9999 -9999 -9999 -9999 -9999 -9999 -9999 -9999 -9999 -9999 -9999 -9999 -9999 -9999 -9999 -9999 -9999 -9999 -9999 -9999 -9999 -9999 -9999 -9999 -25.2679 28.1231 -30.0135 9.25926 8.35802 12.1852 13.6296 -2.28395 -4.80247 -20.2963 -5.75308 3.53087 6.40741 -1.37038 -10.8395 -6.17284 10.9506 -16.9136 -21.5926 -1.1358 13 9.77216 4.10667 -20.9559 3.94916 -6.75999 -12.6585 -9999 -9999 -9999 -9999 -9999 -9999 -9999 -9999 -9999 -9999 -9999
-9999 -9999 -9999 -9999 -9999 -9999 -9999 -9999 -9999 -9999 -9999 -9999 -9999 -9999 -9999 -9999 -9999 -9999 -9999 -9999 -9999 -9999 -9999 -9999 -9999 -9999 -9999 -9999 -81.9565 -71.3636 -9.65625 -2.35616 35.8025 17.6543 11.8889 19.358 -12.7778 -7.20987 -18.1235 -7.19753 27.3951 24.3333 3.51852 0.975311 -6.95062 -17.5185 -1.17284 -13.1358 -6.91357 -19.1358 -14.6203 3.7027 -8.68182 -14.8596 -2.97917 -9999 -9999 -9999 -9999 -9999 -9999 -9999 -9999 -9999 -9999 -9999 -9999
-9999 -9999 -9999 -9999 -9999 -9999 -9999 -9999 -9999 -9999 -9999 -9999 -9999 -9999 -9999 -9999 -9999 -9999 -9999 -9999 -9999 -9999 -9999 -9999 -9999 -9999 -9999 -9999 -37.3778 -89.6667 3.15873 11.8056 5.7037 10.6296 17.4444 -6.30864 -15.6049 12.5432 -0.50618 10.1605 41.3457 29.5556 34.963 22 -0.864197 -16.0864 -19.6914 -10.8148 -10.8025 -18.5556 -7.32051 7.77777 1.61905 -11.463 -9999 -9999 -9999 -9999 -9999 -9999 -9999 -9999 -9999 -9999 -9999 -9999 -9999
-9999 -9999 -9999 -9999 -9999 -9999 -9999 -9999 -9999 -9999 -9999 -9999 -9999 -9999 -9999 -9999 -9999 -9999 -9999 -9999 -9999 -9999 -9999 -9999 -9999 -9999 -9999 -9999 17.7556 -89.463 8.09524 -8.16666 9.23457 16.0123 -9.60493 24.9506 -9.46913 7.45679 8.49382 15.5185 28.6543 29.679 30.1975 26.8642 11.716 -6.08643 -17.8272 -3.19753 -12.4815 -10.8519 -8.62338 6.98572 13.2131 3.51923 -9999 -9999 -9999 -9999 -9999 -9999 -9999 -9999 -9999 -9999 -9999 -9999 -9999
-9999 -9999 -9999 -9999 -9999 -9999 -9999 -9999 -9999 -9999 -9999 -9999 -9999 -9999 -9999 -9999 -9999 -9999 -9999 -9999 -9999 -9999 -9999 -9999 -9999 -9999 -9999 -9999 82.1556 -13.963 -74.2698 -42.7361 11.8025 -28.8642 31 10.8148 2.06172 -3.50618 17.0741 23.9136 11.0617 27.8765 31.4568 44.4938 37.0988 1.18518 -14.8148 -23.6049 -19.7778 -11.1728 -3.47368 5.95589 7.83051 -4.74001 -9.02438 -9999 -9999 -9999 -9999 -9999 -9999 -9999 -9999 -9999 -9999 -9999 -9999
-9999 -9999 -9999 -9999 -9999 -9999 -9999 -9999 -9999 -9999 -9999 -9999 -9999 -9999 -9999 -9999 -9999 -9999 -9999 -9999 -9999 -9999 -9999 -9999 -9999 -9999 -9999 -9999 84.5333 77.5926 -89.3333 -6.16666 -46.4815 2.67902 7.69136 7.67902 1.27161 -1.7037 9.59259 34.8765 15 14.8519 15.7778 38.1728 24.2963 19.679 -14.037 -24.5062 4.19753 -9.18518 -4.48 3.31818 -1.01755 -0.166672 -5.23077 -9999 -9999 -9999 -9999 -9999 -9999 -9999 -9999 -9999 -9999 -9999 -9999
