inst/extdata/EV_continuous/tertpi09.asc
ncols         158
nrows         201
xllcorner     249000
yllcorner     6531500
cellsize      500
NODATA_value  -9999
[rows 30 to 59 of 201, columns 67 to 133 of 158]
-22.1852 22.2099 2.51852 -33.1975 32.1728 31.5185 11.9753 9.80247 -1.28395 17.9383 19.6914 10.5062 -37.037 -29.642 -28.4568 -5.82716 5.37038 -3.17284 -4.7037 9.1358 17.6543 44.8889 59.0617 27.1975 -7.32098 -21.0617 -16.6543 -21.8889 -18.9383 -14.1235 -13.2222 -5.4321 -4.88889 -14.5679 -19.6667 -13.8395 -37.9383 -16.6543 -45.1481 -48.7901 -9999 -9999 -9999 -9999 -9999 62.4691 30.7407 -70.9506 -9999 -34.8519 0.444443 1.82716 22.3704 36.0864 15.5185 -3.82716 -38.5309 -33.2716 46.7531 43.4198 -3.72839 -14.5926 -25.6296 -21.9875 0.936707 -5.8961 60.8
-43.3827 -40.1358 2.11111 -48.0494 1.44444 22.0864 9.87654 7.64197 3.03703 18.321 25.963 20.1728 -12.1235 -28.3333 -19.0864 -28.5802 -13.716 -6.39507 -3.4321 9.11111 5.92592 45.5309 80.2716 53.2963 -0.728394 -24.0123 -20.5309 -20.0247 -19.4198 -16.8395 -14.4444 -1.27161 -11.6667 -20.5062 -29.3333 -7.81482 -0.395065 -33.1481 -38.321 -46.5432 -9999 -9999 -9999 -9999 63.9012 62.6049 -20.1728 -48.7407 -59.7284 -37.7654 -28.9136 4.24692 -30.8025 10.6667 5.90123 8.04938 -26.6296 -16.037 38.8148 40.8642 16.7037 0.587494 -29.3291 -34.0519 -1.75999 12.7361 64.7681
-17.9753 11.963 2.24692 -10.1728 7.62962 13.7284 11.358 5.61728 11.0494 21.2222 21.8889 29.1728 21.4074 -33.0247 -12.8272 -18.5062 -22.2716 -15.5556 -21.8025 -0.358032 1.82716 56.2593 33.6173 32.4074 2.7037 -23.0617 -4.32098 -22.4568 -13.1728 -13.8272 4.30864 18.1605 29.9877 9.77777 33.4938 62.3951 75.0741 36.7778 41.5926 -31.8272 -63.2593 -9999 -9999 -9999 -9999 61.9383 25.0741 -42.3086 -57.679 -8.81482 -9.01234 -32.2099 -25.5432 -5.79013 8.2963 -16.2222 -47.716 -3.18518 49.7284 51.2593 37.15 0.307693 -29.3816 -38.1644 -28.7 18.0758 67.3226
-33.9259 18.1235 17.6543 9.82716 7.60493 18.6543 12.3951 9.58025 9.71605 25.6914 17.4074 27.9136 42.5556 -29.8395 -12.5802 -2.30864 -10.1235 0.790131 4.69136 -14.7531 -8.33333 7.91357 16.9012 28.3951 0.666672 -29.6296 -0.654327 0.59259 -26.8889 -14.4938 5.37038 9.12346 37.9012 51.8642 51.5185 65 79.0494 79.4815 58.2346 15.6049 -37.3457 -9999 -9999 -9999 -9999 45.642 -2.64197 -33.1852 -52.284 2.72839 -1.93828 -32.9506 -34.6667 -15.4938 -22.4198 20.6049 6.40741 -7.88889 51.1358 59.5432 46.5063 8.5658 -16.8082 -29.5217 -21.2769 20.4667 42.8182
-17.9259 -27.2593 2.58025 11.5185 -0.172836 18.8272 12.1235 8.51852 7.90123 13.6296 16.716 15.7284 21.5185 -8.87654 -34.6173 -25.1975 -24.5432 -2.59259 -5.18518 6.88889 0.679016 10.1235 17.6296 5.79013 8.69136 -31.8889 -26.2593 -0.851852 -22.8025 -29.9506 -22.8272 9.39507 8.16049 28.716 59.4815 34.0494 38.2963 70.9012 61.2222 26.3951 -9999 -9999 -9999 -9999 -9999 64.2099 13.8519 -10.3086 -23.321 -13.2716 31.8148 -17.5556 -31.4815 -34.4691 -36.7284 -21.358 8.67902 12.5926 8.80247 61.1875 28.961 14.0411 -35.4058 -12.75 -29.1017 -5.4151 11.0426
-35.8519 -28.7037 5.53087 -8.50618 -8.17284 14.5432 13.716 11.9259 5.97531 8.79013 11.0864 15.4815 14.1111 2.66667 -22.4444 -33.7531 -31.3704 -18.4444 -4.30864 11.0494 11.1481 -2.22223 15.9383 16.8148 28.1728 -23.0988 -23.8148 -22.2716 -21.1358 -30.7037 -27.1235 13.9506 32.5679 37.0864 13.037 10.8765 8.53087 19.0617 -9999 -9999 -9999 -9999 -9999 -9999 -9999 4.58025 -2.80247 -2.1358 -16.1852 -36.5062 -3.71605 -20.9383 -13.321 -40.9012 -18.4444 -9.61728 22.2716 17.2099 10.0625 48.2179 34.7973 22.2609 -38.875 -11.2241 -14.2692 -9999 -9999
-18.2346 -27.5679 -9.92592 2.37038 -10.358 1.23457 10.321 10.4568 12.6296 6.72839 8.35803 11.1358 13.2222 -6.2963 -17.6543 -24.0247 -13.1605 -15.0988 -20.6296 -3.59259 18.3457 22.5062 49.1358 30.5926 15.5926 -22.3086 -16.9383 -13.321 -29.2593 -30.3951 -28.5309 -14.1852 25.7037 34.0617 -5.38272 15.7778 29.8765 26.8519 -9999 -9999 -9999 -9999 -9999 -6.64197 -5.08643 17.2099 -2.46913 -7.81482 -19.642 -21.4815 -27.716 -15.037 7.03703 -31.4568 9.96297 18.5802 -19.3951 13.2469 17.8354 46.8158 36.9859 4.12308 -40.7288 -2.36539 -9999 -9999 -9999
7.76543 -6.85185 -2.95062 0.827164 10.6049 -8.18518 8.03703 18.358 1.69136 4.8642 7.67902 8.65433 9.97531 4.98766 -5.74074 -37.2222 -13.1975 -10.037 -9.14815 -11.3704 15.8642 36.4198 53.9259 82.0988 13.037 -12.5185 -1.22223 -17.3333 -27.4691 -31.0123 -31.0617 -4.53087 -26.2469 -24.4568 -1.04938 3.65433 -6.14815 4.08643 -9999 -9999 -9999 -9999 -9999 -15.7778 -26.8642 25.6173 -14.8148 -26.9012 -24.9877 -31.1111 -29.5926 -12.3704 10.9506 -9 -0.753082 -24.1852 -37.6543 -7.19753 -12.3205 45.7703 33.2647 14.2951 -46.2778 -2.08696 -9999 -9999 -9999
16.5679 3.5679 -4.07408 2.30864 15.9136 8.02469 -3.7037 -2.18518 -4.55556 1.8642 -1.22223 9.96297 10.642 5.23457 0.345673 -14.4938 -16.6296 -13.2469 -6.19753 -25.3704 -8.97531 18.2716 41.7778 72.8519 50.8395 15.0864 -6.39507 -9.45679 -27.1111 -28.5679 -25.4198 -10.0494 18.2222 2.11111 -13.6543 24.3457 -21.4568 -15.6667 -9999 -9999 -9999 -9999 2.19753 2.58025 -17.9506 -8.69136 -2.33333 -15.9383 -13.3704 -21.2963 -28.4938 -24.0247 6.40741 -7.74074 -11.321 46.5062 24.9753 -8.07408 -33.4416 22.8194 29.6461 11.0877 -47.9592 -9999 -9999 -9999 -9999
20.5556 17.2099 8.24692 9.18518 19.5432 28.4074 -15.6173 -2.82716 -2.09877 -1.91357 7.85185 9.1358 12.0864 13.1852 9.79013 -8.32098 -15.642 -13 6.98766 -13.9012 -31.2346 23.0247 48.4444 47.642 51.4815 25.4198 -7 -5.28395 -19.0123 -22.1481 -14.3704 -30.0247 8.77777 -3.25926 -13.1235 2.79013 -15.5926 -9999 -9999 -9999 -9999 -9999 2.85185 18.8889 20.1111 -23.2593 -17.0864 -10.642 16.6543 4.51852 -13.6296 -33.3951 -29.1852 -27.5926 -28.642 20.1975 45.0494 52.3625 -1.2 -42.0145 17.1967 -23.7115 -9999 -9999 -9999 -9999 -9999
6.83951 16.716 0.296295 3.87654 5.72839 14.4444 4.09877 -11.8889 6.32098 4.60493 2.71605 10.0988 12.963 16.1728 3.14815 -12.642 -16.4568 -18.0864 -4.45679 -5.19753 -35.3457 -13.4444 24.6173 29.0864 37.0741 16.6543 6.44444 -1.77777 -24.8025 -23.1605 -8.23457 13.3951 -30.321 -16.8519 -9.59259 0.30864 -0.481476 -20.3827 -9999 -9999 4.06172 6.03703 -0.962967 15.8395 22.0123 18.2099 -18.4691 3.41975 34.4938 -0.370377 -25.1975 -32.8889 -43 -51.3827 -25.5185 17.5926 55.4444 51.9125 54.9054 -45.5672 23.1724 -12.8367 -9999 -9999 -9999 -9999 -9999
0.061729 2.2963 -0.90123 3.06172 2.67902 6.58025 2.07408 -15.6049 -5.14815 4.11111 5.07408 6.35803 11.8765 22.0988 22.963 8.49382 -10.4938 -18.321 -19.9753 -7.61728 -28.2593 -35.1481 -16.2469 21.2346 18.9877 46.5926 1.04938 -12.5802 -37.8395 -10.4444 -12.8272 18.1728 29.7407 -22.9877 19.5062 -18.0864 -14.1235 -6.72839 -13.5556 -4.4321 18.642 2.5679 -9.97531 12.4321 18.3704 26.4444 4.69136 -7 52.6667 1.44444 -23.9877 -31.716 -42.5062 -31.8025 -0.950623 -0.259262 36.4815 46.375 54.3973 20.0462 -23.2857 -17.4043 -9999 -9999 -9999 -9999 -9999
2.72839 -1.81481 10.284 5.46913 1.14815 6.87654 7.54321 -9.64197 -11.7407 6.48148 2.95062 6.46913 9.08643 13.3086 29 31.3951 -4 -10.4198 -12.7037 0.913574 -9.34567 -34.3333 -21.1481 1.38272 37.4938 11.8148 -13.0123 -25.0741 -44.4815 -27.9136 4.71605 29.5062 38.2963 -7.58025 -2.71605 -3.45679 -7.83951 -1.91357 -1 7.65433 -1.46913 -12.6667 -0.111115 7.7037 -3 26.7901 2.87654 2.96297 -7.87654 -11.3086 -8.38272 -32 -35.1975 -34.6173 18.1481 4.09877 23.5802 37.8125 5.31944 15.0159 -43.4815 -39.9333 -9999 -9999 -9999 -9999 -9999
-8.18519 -0.876541 7.49383 6.53087 6.98766 5.65433 6.54321 6.39507 -9.38272 -18.8889 -0.49382 6.67902 10.1481 12.7037 32.6049 23.7037 10.5062 -1.58025 -7.59259 12.8148 14.1975 -12.7901 -23.642 -14.2963 52.2716 13.3333 -17.4938 -28.6914 -36.3827 -24.9012 2.16049 42.0741 53.6543 32.4321 -28.4691 -24.0247 -11.5926 -1.01234 18.6543 -1.80247 7.18518 -11.8642 15.0247 -0.740738 -17.7531 -8.5679 -18.4691 -23.2346 -26.8395 -24.037 -22.8025 -31.4198 -31.2469 -18.7654 49.6914 45.642 7.98766 19.7125 22.7324 -6.33871 -28.0189 -9999 -9999 -9999 -9999 -9999 -9999
-6.12346 1.50617 -6.27161 8 3.85185 7.20987 8.32098 7.82716 2.38272 -12.5185 0.456787 -1.80247 -0.370377 9.51852 20.2593 24.3333 37.716 33.2716 17.1852 57.7778 41.5926 14.7901 -16.1605 -18.6543 5.14815 4.03703 -23.5926 -38.9506 -19.7037 -9.40741 18.8272 25.642 74.0988 12.3086 23.5926 -1.45679 -25.8272 9.51852 14.7901 21.8889 -0.296295 -8.01234 -11.8765 1.71605 -17.4691 -26.8395 -33.5802 -33.0864 -27.3457 -24.8148 -25.0247 -30.7778 -40.7778 24.4444 7.30864 34.2593 13.3704 -3.5125 20.5916 -1.54839 16.1887 -23.0455 -9999 -9999 -9999 -9999 -9999
-28.5926 -3.49383 -9.54321 -1.72839 -10.7901 13.4444 16.0617 13.2222 8.34567 -0.851852 -20.5062 1.65433 1.59259 2.32098 9.55556 -13.5926 7.30864 46.4444 53.0617 22.7778 27.9012 33.2346 10.5185 -19.321 -3.50618 -11.3457 -23.7531 -36.7284 -16.7037 18.5802 52.2469 24.8025 43.3086 11.9383 23.7901 -11.679 3.8642 5.64197 12.6914 38.5309 32.1852 -13.9136 -10.3086 6.07408 -12.1358 52.321 -1.75308 -12.0741 -27.2222 -24.7901 -24.7407 -29.5309 -25.7407 -3.19753 15.8642 22.1358 29.1852 -7.21249 10.6667 0.428574 25.5185 12.0444 -9999 -9999 -9999 -9999 -9999
-23.1728 -14.716 1.38271 10.284 -12.0864 14.8395 37.1235 21.1481 11.5062 4.07408 1.25926 -9.97531 -0.728394 -3.18519 -15.0494 -24.1358 -22.6049 -10.1605 -4.41975 -9.30864 30.642 75.2469 21.6543 -22.2593 0.765427 -11.4074 -27.3704 -31.5802 -4.88889 48.6296 71.9383 39.0247 5.62962 2.79013 -13.3827 -1.4321 -22.7654 -15.2716 3.60493 14.8642 23.5556 -8.71605 -12.5679 -2.40741 42.679 75.6914 14.2716 -0.913574 -8.93828 -10.2716 -23.7778 -27.716 -10.9506 3.71605 26.321 0.950623 23.5556 16.475 14.1096 31.6875 35.2 36.5435 -9999 -9999 -9999 -9999 -9999
2.14815 2.37037 11.1852 -8.39507 5.45679 43.6667 25.8642 39.2469 15.6173 8.33334 -4 -39.5679 -7.24691 -11.9383 -26.1605 -30.5309 -44.679 -26.9383 -24.8765 -9.46913 1.74074 50.2099 2.2963 -17.0864 -18.8272 -17.3827 -25.5926 -30.7037 1.03703 44.0864 45.2469 -0.382721 -8.30864 -9.50618 -15.358 -4.12346 -15 -19.1975 -6.58025 2.24692 48.4938 15.1481 10.7778 -1.41975 4.07408 42.9136 23.5185 8.45679 -5.2963 -22.3333 -23.4321 -26.5556 -9.8642 5.46913 25.5556 1.91357 26 8.27499 -9.45946 28.8 33.8393 25.0213 -9999 -9999 -9999 -9999 -9999
0.925926 15.1728 24.0123 -8.62963 27.963 17.6049 74.5679 52.5309 23.2099 20.6543 6.55556 -5.74074 -10.5679 -8.50617 -31 -33.9506 -35.5926 -19.4938 -46.6667 -22.1852 -22.1975 18.7284 25 -16.0864 -20.0123 -23.358 -21.7901 -12.1358 2.64197 41.3951 2.2963 -4.18518 -10.7901 -9.37038 -10.4815 -5.04938 -6.30864 -19.1975 -10.3951 -5.64197 34.7037 15.358 26.6173 43.5062 2.32098 13.4198 17.8148 3.93828 7.44444 -20.0247 -23.8025 -25.2963 -19.3704 -5.01234 -15.3333 9.06172 12.9136 -4.1358 32.9868 35.7612 42.1035 24.8571 -9999 -9999 -9999 -9999 -9999
10.8765 12.6914 20.8519 -5.79012 -0.283951 8.08642 19.1111 27.5802 22.7531 38.6543 -21.7407 1.5679 -18.2469 -25.6049 -13.6296 -17.9383 -12.9383 8.54321 -17.3951 -21.8148 -18.5926 -27.6667 -9.55556 -15.963 -16.4444 -17.716 -13.9877 -16.7407 2 9.96297 -3.71605 -13.4444 -14.4444 -13.3704 -8.04938 3.23457 -12.4198 -16.1481 -9.79013 -14.6173 -5.50618 -8.77777 14.0123 20.3086 10.3951 7.90123 -0.481476 -3.24692 -11.6173 -9.92592 -17.679 -24.3457 -28.8025 -29.0123 -25.8025 -7.09877 17.6543 5.69136 50.1169 32.1765 39.1186 36.46 20.8293 -9999 -9999 -9999 -9999
-20.3333 -32.1235 -46.5556 -29.8148 -13.3333 -2.41975 17.9506 16.3704 17.1605 36.0247 21.716 -3.1358 -16.1111 -35.1358 -35.9753 -11.8889 -0.75309 13.2346 8.77778 -11.1975 -26 -28.4198 -25.4444 -16.7654 -20.8025 -0.802475 -11.7037 -11.1111 -13.5309 -22.2469 -2.48148 -9.8642 -10.5062 -16.9506 -3.14815 11.4815 -14.3827 -18.037 -13.3333 -19.6173 -14.5432 -14.9877 -0.246918 17.2099 17.8889 11.8395 2.88889 -12.7284 -4.61728 -6.93828 -17.5556 -23.1358 -26.2593 -21.2099 -14.5556 -28.5432 -6.54321 15.4691 31.6795 21.3 31.3115 53.4038 22.8837 -9999 -9999 -9999 -9999
-2.16049 -37.6543 -11.7037 -40.321 -37.1975 -13.6667 4.81481 9.77778 5.87654 17.9506 5.4321 -17.4691 -15.3086 -21.1852 -20.9259 -23.4815 0.876541 9.93827 5.17284 0.037041 -5.38271 -29.5926 -28.7778 -23.9259 7.09877 -7.62962 -0.59259 0.395065 -12.7531 -26.1728 -4.32098 -15.4815 -10.4815 -7.65433 -9.64197 -9.11111 -16.6543 -20.5062 -23.4815 -24.2099 -4.50618 -10.4198 7.58025 16.6296 4.67902 1.55556 5.20987 -6.03703 -1 -4.95062 -8.30864 -21.1111 -23.0741 -16.9259 2.18518 -10.4691 -11.1481 35.6543 11.6709 -11.1528 28.381 30.5 39.2 -9999 -9999 -9999 -9999
4.67902 0.382713 2.83951 -4.90124 -65.2469 -20.6543 -6.40741 -4.67902 4.88889 6.8642 -24.7901 -18.9506 -10.3086 -32.0494 -16.7531 -25.0617 -11.7654 1.90124 2.65432 -4.48148 -9.49382 -16.2469 -1.40741 -23.7778 -14.6173 1.38272 20.1481 11.8025 18.8025 -10.3086 -9.19753 -18.9259 30.2716 -10.4198 -15.1358 7.82716 8.12346 6.66667 -25.7284 -31.1358 -26.7778 15.2222 25.2099 3.04938 -10.2593 -6.90123 1.18518 -5.69136 -5.50618 2.79013 25.5062 -19.1728 -20.2222 -19.9383 -7.71605 -10.284 -16.9136 11.4198 -33.1125 -3.55405 29.2 20.3571 25.8085 -9999 -9999 -9999 -9999
2.04939 22.1975 -4.75309 18.3704 -55.1728 -31.2593 -30.1852 -6.48148 6.34568 -4.06173 -19.8765 -14.4444 -20.5062 -11.1605 -14.4198 -14.9259 -20.3457 20.3827 11.963 8.97531 6.18518 -0.024689 -15.0247 -17.5802 -6.87654 -2 31.679 42.4568 40.7531 12.3827 -26.3086 -34.1975 -7.62962 -12.4321 -11.4691 -1.11111 12.1975 20.6296 3.38272 -13.3333 -32.1481 -25.4198 -9.71605 4.5679 -7.62962 -7.80247 1.11111 -5.53087 -4.75308 -3.14815 28.2593 -18.7531 -19.0741 -21.8395 -5.27161 -16.679 -25.5679 -35.7654 -29.9136 -10.5789 -12.7015 9.56897 16.8571 -9999 -9999 -9999 -9999
3.33334 -12.0123 32.3333 20.9383 -13.9259 -48.3457 -8.80247 -11.9383 -4.09876 -27.037 -6.49383 -5.61729 -20.4568 -10.6543 -10.4198 9.44444 19.2222 22.6173 22.7284 15.4198 27.7531 -2.41975 -8.24692 -35.358 -14.3086 0.851852 21.358 70.4568 8.11111 -17.0617 -25.8889 -29.8765 -41.4198 -17.9753 6.25926 12.1975 8.53087 -3.37038 22.9877 13.0247 -8.17284 -25.4198 6.45679 19.8889 8.67902 -20.6543 -19.1728 -22.9506 -19.4568 -11.9753 20.1975 -4.25926 -20.4074 -21.6049 -12.3704 -14.0864 -16.642 -31.1605 -32.6914 -8.41559 -7.82353 -32.4576 4.88 45.4634 -9999 -9999 -9999
2.34568 3.27161 14.3951 21.9259 16.2716 -31.2099 -25.1605 -18.3704 -26.7407 -24.679 -13.5556 -10.2222 -9.58025 -9.4321 -4.12346 20.8395 17.0864 21.8025 38.7654 29.9506 24.7284 2.81482 -9.75308 -39.4568 -18.2099 -12.0247 -0.703705 64.9136 19 8.79013 -6.98766 -31.2963 -34.2593 -34.6173 -16.0741 12.358 28.4691 -7.64197 33.6049 28.0494 8.7037 -30.3951 3.60493 30.1235 3.81482 -3.54321 -8.71605 -26.321 -25.358 -10.037 -2.24692 -21.284 -23.321 -22.8025 -15.9383 -12.0123 -15.6049 -10.3333 -34.2593 5.24359 -13.4783 0.083328 -11.9608 26.9286 -9999 -9999 -9999
-3.66666 3.24691 -11.3333 20.4074 26.4444 32.3951 -36.8272 -22.6049 -2.03704 -1.48148 -4.44444 -11.6296 -13.2099 -4.33334 7.45679 21.6543 16.0864 17.5185 34.6296 48.0864 45.7531 19.2469 0.876541 -20.8272 -26.5802 -10.8395 4.19753 37.2099 39.7531 17.3333 23.4815 15.3457 -29.3951 -42.5926 -30.4691 -9.81482 39.9506 -15.321 31.7531 31.8395 0.679016 -29.6173 17.5432 45.1481 32.8272 24.2469 23.1975 -22.0741 -25.7778 -17.5802 -9.88889 -29.2346 -26.3704 -23.9012 -20.2963 -12.9877 8.18518 -17.8395 -17 21.8101 5.52113 14.4032 1.62263 15.0455 -9999 -9999 -9999
-7.08642 -6.38271 -19.8642 4.97531 14.7901 15.9383 -18.1975 -31.679 -9.22222 -11.7284 -21.5309 -18.0494 -17.9506 -16.1358 8.41975 -6.41975 11.7778 9.04938 34.9753 42.8025 36.1975 34.4074 -10.358 -18.0123 -27.7654 -27.6543 -10.1728 -1.2963 19.1235 18.7654 11.8889 18.7654 34.4444 -2.38272 -37.9012 12.9877 55.1605 8.16049 -0.518524 -21 -16.9136 1.12346 31.9877 53.7654 47.5062 22.7778 -13.1481 -25.9506 -14.642 -18.0247 -12.4444 -20.2593 -30.6543 -26.7901 -6.8642 -3.02469 11.1235 -15.0864 6.41975 23.675 50.7397 29.8438 8.63637 26.2609 -9999 -9999 -9999
0.24691 -2.72839 -21.6049 -3.4321 -12.6049 3.53086 -19.2346 -31.4321 -6.93827 -26.0864 -15.1852 -24.2346 -18.2222 -22.2963 -21.4198 -6.76543 -16.3457 10.1111 28.5062 33.7654 36.7778 33.642 -1.75308 -17.2222 -20.6296 -20.0494 -20.679 -4.85185 28.8765 33.5309 56.7778 31.4198 18.1975 30.0988 -17.963 -11.3951 1.27161 -11.6049 -3.69136 6.18518 -33.321 -13.284 24.2222 48.5062 45.0247 31.0123 -6.22223 -11.1975 12.5802 -15.5926 23.0741 12.9877 -35.7037 -31.0247 -14.7654 9.55556 -1.51852 -10.3951 -9.22223 6.49382 32.9333 31.1667 12.2456 11.9792 -9999 -9999 -9999
6 -8.87654 -19.0123 -11.0494 -12.5062 -7.12346 -4.11111 -31.6667 -30.2222 -20.4815 -20.6667 -23.1728 17.6173 18.7901 20.963 16.5185 -9.35803 12.4938 23.2222 24.7037 19.9012 19.8889 15.037 -10.037 -24.5679 -19.6667 -23.2593 -25.4815 5.22223 11.0123 42.4938 45.3457 13.1111 33.8889 26.3704 3.07408 -6.60493 -18.9012 0.975311 -3.71605 -7.20987 -32.7037 0.209869 35.7037 41.284 20.1111 -4 -9.98766 17.1852 5.83951 24.4815 57.2716 -25.6049 -34.1605 -10.1358 -6.69136 -13.5309 -17.4321 -6.45679 1.09877 17.0789 46.7353 5.18645 56.22 -9999 -9999 -9999
