inst/extdata/EV_continuous/tertpi09.asc
ncols         158
nrows         201
xllcorner     249000
yllcorner     6531500
cellsize      500
NODATA_value  -9999
[rows 90 to 119 of 201, columns 0 to 66 of 158]
-9999 -9999 -9999 -9999 -9999 -9999 -9999 -9999 -11.4568 -1.8642 6.32099 -4.03704 14.1111 6.5679 0.037037 20.0864 1.98765 -5.93827 0.641975 -6.28395 -6.7284 -12.321 -11.7407 -13.2099 5.17284 -5.17284 -6.18518 -7.83951 5.95062 10.0247 14.1358 21.5802 10.5926 4.59259 8.92593 9.17284 10.8272 11.8889 -30.1728 6.90123 12.0247 -6.98766 17.7654 10.8025 22.9012 6.8642 -5.74074 -17.9136 3.37037 12 -10.2222 20.4691 8.18519 30.3951 13.284 -30.4938 -58.5556 -57.3951 -55.963 4.45679 41.8642 29.6667 63.1481 30.321 -28.5309 -38.2963 -45.9012
-9999 -9999 -9999 -9999 -9999 -9999 -9999 -9999 -10.9506 22.6667 7.34568 -8.5679 4.82716 14.4198 7.64198 -6.11111 -14.2346 -14.1111 -12.2593 -8.22222 -7.75309 -11.2963 -10.6173 1.09877 -4.4321 -3.17284 -6.76543 4.98765 0.320988 1.28395 2.14815 1.66667 -1.34568 18.6049 17.3457 11.1605 22.4444 3.71605 -15.3951 -1.75309 -16.1728 17.0988 23.8519 -3.81481 13.716 22.0247 1.77778 4.58025 26.4198 15.8025 -10.5802 -49.358 -5.38271 5.98766 -47.5802 -46.7654 -17.8272 -30.2963 -36.5309 -20.7407 58.5309 -0.530861 26.0247 -23.4444 -25.2346 -46.963 -32.1975
-9999 -9999 -9999 -9999 -9999 -9999 -9999 -9999 -10.4568 25.5432 4.55556 1.08642 16.8765 13.5926 10.8272 -5.91358 -13.3827 -12.2716 -11.716 -6.76543 -5.2963 -4.61728 8.51852 1.46914 3.71605 -3.28395 -4.39506 14.9383 10.0741 -13.9753 -25.358 -12.1111 -16.1111 -5.58025 10.4198 25.1111 20.1975 18.4074 2.59259 -1 13.8642 22.037 3.51852 2.50617 35.1605 4.32098 0.197533 -15.5309 -21.4444 -52.8519 -1.32098 -49.0247 -48.0123 -44.0123 -1.06173 22.1358 61.5185 7.46914 3.2963 -8.23457 7.40741 -21.6173 -20.1852 -2.64198 -41.6173 -28.0864 -24.9506
-9999 -9999 -9999 -9999 -9999 -9999 -4.77778 18.3457 -9.07407 15.2346 21.6049 -2.45679 11.6049 18.3827 -0.419753 -11.8025 -11.5556 -9999 -6.88889 1.01235 6.06173 3.61728 21.9259 4.01235 1.95062 -5.41975 4.02469 -2.87654 -16.8025 -21.3951 27.284 3.67901 -21.0988 -17.8889 -4.4321 1.01234 0 11 -8.53086 -1.77778 14.0617 8.77778 19.9383 2.08642 17.8148 -22.963 -42.2593 -0.283951 -52.7037 10.4074 -14.9136 -43.4074 -40.5679 -35.3704 20.5679 31.4444 9.95062 17.4074 45.4815 -23.716 21.6914 -20.9012 -16.8395 -2.09877 -38.7407 -24.3704 -14.2593
-9999 -9999 -9999 -9999 -9999 -2.09877 -3.81481 -5.53086 -7.5679 -3.90123 7.77778 -0.851851 6.35802 24.1358 10.2469 -9.8642 -9999 -9999 -0.530864 -2.83951 18.7654 8.2716 29.5802 5.25926 -3.22222 -1.55556 -4.12346 -11.1852 -22.0617 10.7284 24.6049 -1.61728 -21.5556 -11.4321 -13.1481 -13.716 -11.8765 -8.59259 -15.5679 -8.55556 5.58025 24.9136 33.284 4.02469 -3.65432 -52.963 -49.1605 -7.59259 53.1235 49.8519 32.2593 -6.33333 -35.642 -5.37037 -5.20988 47.9012 5.19753 -15.6914 -21.3827 -9.98766 -14.0123 -15.963 14.5802 -2.87654 -35.0617 -9.46914 -14.1481
-9999 -9999 -9999 -9999 -9999 -1.93827 -0.382716 -4.91358 -9999 -5.50617 4.41975 9.06173 7.28395 17.1852 -8.66667 -9999 -7.92593 -7.39506 -7.44444 -1.22222 10.0741 8.58025 8.53086 -2.2963 5.1358 0.802469 -8.06173 -10.8519 -21.4444 25.7654 31.0617 20.4938 -3.60494 -20.8148 -7.51852 -14.2469 -16.1481 -16.6173 -12.037 -8.61728 14.8148 36.3704 21.2593 -29.7654 -39.0123 -25.4691 -3.53086 34.8272 62.358 55.5309 24.1235 -35.4074 -31.2099 6.72839 5.2963 -22.6914 8.60494 -12.6914 1.53086 1.53086 4.49383 8.34568 19.5062 -12.1728 -33.4074 -17.1358 -17.4321
-9999 -9999 -9999 -9999 -9999 -1.8642 -1.01235 10.5802 -9999 -7.2963 -8.04938 7.71605 2.95062 -7.95062 -9999 -9999 -6.60494 -6.44444 -7.28395 3.49383 14.5062 5.92593 11.4198 1.61728 -17.3086 -20.2099 -23.2222 -23.5556 6.96296 18.9753 31.8148 24.1358 -6.28395 -23.716 -15.7531 -10.8272 -2.97531 -3.17284 3.45679 -5.90123 -8.02469 -14.1852 -37.358 -42.6914 -12.8642 -4.20988 6.64198 60.1358 72.2469 72.2716 38.5802 -34.3704 -30.2593 -26.1358 -22.5679 -22.5679 -25.7778 7.79012 11.8889 9.39506 1.33333 2.92593 -18.1358 28.9012 -25.5062 -35.0988 -7.25926
-9999 -9999 -9999 -9999 -9999 -9999 -9999 -9999 -9999 -9999 -2.96296 14.9012 -5.8642 -9999 -5.35802 -5.11111 -5.5679 -4.06173 -0.283951 -2 -2.30864 -12.9136 -15.9259 -19.0864 -2.54321 -10.7901 -23.7407 -10.0494 16.6049 18.8025 12.1852 -4.33333 -8.16049 -20.679 -16.0864 -13.8272 -3.7037 0.481482 0.308641 -8.75309 -25.4444 -31.0617 -29.2346 -6.02469 12.6667 27.037 29.679 65.716 72.7778 15.6914 -35.2963 -1.96296 -29.6667 -25.3457 9.58025 -21.037 -4.16049 6.39506 6.74074 5.20988 7.17284 17.6543 -2.32099 -7.88889 -18.7407 -35.8889 31.679
-9999 -9999 -9999 -9999 -9999 -9999 -9999 -9999 -9999 -9999 -3.85185 12.0123 -4.06173 -3.96296 -3.85185 -4.20988 -2.08642 -0.061729 -7.49383 -4.39506 -7.1358 -14.5309 -18.321 -13.5556 -8.60494 -18.2222 -13.4815 15.0741 28.1235 5.59259 -1.98766 10.4568 -3.41975 -18.0247 -20.9877 -15.4815 -13.1975 -7.23457 3.24691 -17.6667 -18.5926 -14.6173 -31.7284 -0.666668 8.4321 14.5309 -22.2099 48.9259 51.3086 -9.97531 -28.8272 -21.284 -30.7901 -25.358 -8.01234 -21.1481 -3.02469 -8.4321 9.38272 -10.3704 1.98766 42.3333 -31.1605 -17.3827 -35.4568 -5.09877 25.1111
-9999 -9999 -9999 -9999 -9999 -9999 -9999 -9999 -2.14815 -2.48148 -0.481482 -1.61728 -2.69136 -9999 -2.69136 12.5432 13.5185 -5.97531 -7.60494 -4.79012 -12.8889 -15.8765 -13.6049 1.19753 1.41975 -14.9012 3.06173 6.02469 -3.71605 -8.77778 26.2716 -3.20988 9.01235 -17.1235 -14.8148 -9.37037 -12.7531 -14.8025 -13.2346 -12.1481 1.48148 2.62963 -23.8889 -22.8272 -4.87654 -28.3457 6.97531 56.7654 21.6914 2.79012 -21.0247 -9.16049 -10.4074 -24.7531 -21.3457 -10.8765 -13.8642 -4.25926 -12.9506 3.37037 8.24691 30.8889 -8.81482 -2.66667 -32.4444 2.72839 26.0864
-9999 -9999 -9999 -9999 -9999 -9999 -9999 -1.32099 14.5432 13.5432 -1.45679 -1.62963 -1.7037 -9999 -1.8642 -3.03704 -4.5679 -9999 -8.46914 -9999 -14.321 -7.92593 13.679 1.74074 -3.96296 -11.1728 15.9136 -13.0247 8.11111 28.037 10.7901 -9.03704 1.40741 -25.9753 -11.9506 -11.6049 -20.1111 -14.8395 -5.74074 -10.8642 25.679 26.5309 -0.839508 -27.2593 -26.8889 -31.4938 -5.91358 38.1358 5.72839 41.0864 -1.71605 -11.2346 -0.802467 -25.5926 2.76543 -23.9506 21.7901 14.3086 -12.9383 -13.7284 51.7901 4.79012 -11.9383 -33.3827 -12.7654 6.34568 29.358
-9999 -9999 -9999 -9999 -9999 -9999 -9999 -0.91358 -0.91358 -0.91358 -9999 -1.11111 -9999 -9999 -9999 -9999 -9999 -9999 -9999 -11.9012 11.9136 7.4321 -2.16049 -0.543209 3.49383 -20.9012 17.321 24.8642 27.9506 18.0494 -23.8148 -20.5309 -14.9012 2.01235 -26.0741 -19.9877 10.6667 -4.25926 17.1111 4.1358 10.4074 15.7284 15.4691 -35.1852 -24.2716 -30.0864 -6.19753 -36.4198 -0.666668 49.5926 9.62963 -3.02469 -8.27161 -23.3457 -23.8395 -25.0494 13.5309 2.38272 -12.3086 45.5926 39.5185 11.5185 -29.358 -31.4321 -11.321 15.4198 49.716
-9999 -9999 -9999 -9999 -9999 -9999 -9999 -0.617284 -0.617284 -0.617284 -9999 -9999 -9999 -9999 -9999 -9999 -9999 -9999 -11.284 10.6173 20.1605 5.83951 -9.38272 -14.0864 13.7284 34.2716 43.7284 58.9136 22.1605 10.2593 -31.9753 -11.1852 25.6914 -4.16049 -23.1852 -11.3333 9.74074 4.79012 15.6914 25.6173 7.95062 12.1975 -1.01234 -5.1358 -31.3704 -33.8519 -27.8025 -25.0494 39.0617 37.9877 26.5802 9.04938 -2.49383 -4.67901 -23.4938 2.91358 29.7284 2.06173 27.1358 49.8765 47.037 9.74074 -26.5926 -28.4568 -13.1605 12.5432 21.5926
-9999 -9999 -9999 -9999 -9999 -9999 -9999 -9999 -9999 -0.419753 -9999 -9999 -9999 -9999 -9999 -9999 -9999 -9.40741 5.97531 3.24691 8.83951 18.321 -9.37037 -15.9506 -0.320988 19.4444 46.1111 54.0864 26.9012 -34.3333 12.2593 14.4691 37.2346 -23.6049 -18.642 -26.9506 -15.3333 25.2099 20.5185 3.02469 9.27161 18.1728 28.3333 19.5926 -34.8272 -38.5679 -32.2222 -24.6049 20.7531 38.1728 33.1358 22.4691 8.71605 -6.55556 -19.5309 10.0617 24.1111 -4.17284 30.3457 13.4815 16.642 25.4444 -24.4198 -19.1481 -25.4321 -5.85185 23.4074
-9999 -9999 -9999 -9999 -9999 -9999 -9999 -9999 -9999 -0.382716 -0.382716 -9999 -9999 -9999 -9999 -9999 -6.79012 -10.3457 -4.2963 8.1358 19.7901 14 -13.8395 -17.5062 14.9136 22.8148 20.3827 35.642 -32.6296 15.642 22.0617 -3.59259 5 9.91358 -21.0494 -21.037 26.2963 8.41975 15.9136 1.62963 7.38272 26.2716 18.5556 -7.58025 -10.8519 -5.98766 -37.5062 -26.6543 -9.55556 5.72839 13.8148 33.8642 11.7778 -6.07407 -2.39506 26.5062 28.6296 12.3457 24.6914 -1.66667 9.14815 -20.5556 -22.2222 -1.46914 -22.5309 -12.0247 21.7284
-9999 -9999 -9999 -9999 -9999 -9999 -9999 -9999 -9999 0 0 -9999 -9999 -9999 -9999 -4.22222 -7.66667 -11.3827 4.09877 19.8148 6.55556 -7.16049 12.1111 -0.679012 8.03704 25.6667 -29.3457 10.4321 31.679 15.3951 2.44444 -10.1235 6.4321 2.88889 13.1605 -17.4198 21.8765 6.11111 17.2593 -9.80247 25.0123 14.5802 -28.4938 -9.41975 30.3457 16.9753 -39.1235 -32.4815 -18.5432 -4.80247 -7.96296 17.9012 -8.4321 12.5309 -8.51852 0.135803 -3.82716 4.46914 -4.67901 -4.51852 -19.8765 0.012344 -17.8025 -2.79012 -20.9259 0.802467 12.7407
-9999 -9999 -9999 -9999 -9999 -9999 -9999 -9999 -9999 0 -9999 -9999 -9999 -0.938272 -9999 -3.24691 10.3457 -8.28395 4.4321 6.39506 -7.59259 7.61728 28.4938 4.30864 -0.049381 -25.0494 11.7407 12.0494 33.7407 10.3333 10.2346 -8.77778 10.4198 -9.09877 5.67901 -18.9136 -3.2963 -0.135803 -12.642 4.24691 8.65432 -18.2716 19.1852 35.2593 26.5556 -14.7407 -20.9877 -32.4691 -20.2593 -14.9259 5.44444 -1.7037 -5.22222 12.963 -11.0741 -19.0247 -14.3457 -10.8272 -6.44444 -12.6173 -17.1852 5.27161 -18.5309 -1.67901 -19.7778 -8.81482 -19.9012
-9999 -9999 -9999 -9999 -9999 -9999 -9999 -9999 -9999 -9999 -9999 -9999 -9999 -9999 -9999 -6.25926 -9.48148 -4.87654 3.85185 -9.25926 4.16049 13.9383 21.9506 23.1111 -26.5309 -17.3827 16.0864 15.1481 37.5309 -1.80247 10.3457 -9.60494 -8.30864 -6.76543 -8.22222 -25.3704 -11.7531 -6.49383 -12.8395 -5.06173 -18.2469 6.37037 20.8148 51.7778 23.5185 -8.55556 -17.7284 -38.1235 -35.1481 -18.7037 18.2222 2.04938 26.2716 38.1605 12.9259 -16.9383 -3.96296 -17.6543 5.08642 12.2346 -1.12346 -14.2716 1.5679 -16.3827 -19.716 -6.60494 -18.8272
-9999 -9999 -9999 -9999 -9999 -9999 -9999 -9999 -9999 -9999 -9999 -9999 -9999 -9999 -4.01235 -7.11111 -9.96296 -8.95062 -7.32099 1.53086 18.1358 13.5185 3.58025 -19.9877 -25.7901 -16.1728 15.3333 20.0617 28.2099 18.6173 -10.7531 -3.75309 -3.66667 -7.27161 -7.2963 -17.0864 1.87654 20.0617 -10.1605 -14.358 1.12346 4.28395 40.2222 46.9136 38.5679 10.4938 -17.5185 -30.2593 -25.7654 6.22222 22.8395 0.382715 31.1975 44.6296 8.24691 -17.0123 0.679012 -11.0988 12.5185 14.321 4.85185 -12.1111 -3.45679 -6.07407 -3.95062 -21.4568 -1.04938
-9999 -9999 -9999 -9999 -9999 -9999 -9999 -9999 -9999 -9999 -9999 -9999 -9999 -9999 -9999 -7.85185 -10.2716 -6.32099 0.296297 -0.888889 5.1358 -2.77778 -27.0494 -23.5802 -11.6914 -16.7407 16.1358 18.1111 8.60494 0.925926 -8.97531 -5.45679 14.284 6.92593 5.64198 -29.6049 -2.12346 1.65432 6.1358 -6.39506 7.07407 8.08642 43.716 45.1481 35.2222 28.8395 -15.6173 -11.6173 -28.284 11 -2.20988 17.3333 41.7531 23.1605 12.642 -13.8765 -7.98766 -7.44444 12.8395 0.407406 -2.33333 -8.48148 -8.12346 15.0247 8.98766 2.55556 8.14815
-9999 -9999 -9999 -9999 -9999 -9999 -9999 -9999 -9999 -9999 -9999 -9999 -9999 -9999 -9999 0.172839 -10.3827 7.07407 2.77778 8.79012 1.11111 -5.08642 -24.2716 -19.1358 -5.62963 -7.91358 -1.5679 6.24691 -6.45679 -6.22222 -9.38272 2.41975 11.3704 -2.71605 -10.1975 -16.9383 3.75309 18.7531 8.67901 -4.8642 -17.9259 25.0988 46.4691 54.5802 12.3333 13.0741 -8.38272 -14.679 -13.4815 -22.3457 -4.92593 1.19753 17.1111 -8.49383 -8.1358 -14.9012 -26.7778 -27.284 -4.39506 -3.88889 -17.3086 6.7037 14.5432 4.07407 5.91358 -3.25926 0.839508
-9999 -9999 -9999 -9999 -9999 -9999 -9999 -9999 -9999 -9999 -9999 -9999 -9999 -9999 -7.25926 10.2716 -12.4074 4.48148 9.45679 14.3086 -1.14815 -17.5309 -11.2099 -4.08642 8.39506 -1.11111 -14.358 -8.2963 -10.2099 -5.54321 -16.0864 14.4938 -20.7531 -23.3951 -10.2716 -10.9877 -2.82716 26.3457 -3.53086 -17.642 10.963 17.963 32.3086 6.45679 16.2099 -2.97531 9.12346 -11.8642 -9.75309 -24.6049 -18.2222 -8.17284 -18.1728 -21.5802 -21.2222 -28.5926 -12.7778 -19.9506 -17.9506 -3.34568 -3.02469 -2.59259 -4.61728 16.7284 5.95062 3.28395 8.17284
-9999 -9999 -9999 -9999 -9999 -9999 -9999 -9999 -9999 -9999 -9999 -2.45679 -3.28395 -9999 -7.53086 -10.0864 -1.09877 -4.48148 17.4321 21.1605 -26.7407 -18.3333 -1.06173 -7.90123 -5.34568 -4.14815 -10.5309 -16.0741 -2.50617 -9.79012 -13.8025 -24.2716 -17.9259 -17.8889 -16.0494 -18.3704 -5.88889 -11.8148 -8.62963 10.037 6.39506 34.9383 14.3086 14.2593 1.58025 14.6667 -15.0741 -12.642 -22.679 -20.321 -15.4938 -14.7284 -8.2716 10.6543 -5.81482 -20.4815 -6.85185 -7.24691 -14.1605 -4.61728 -6.37037 -0.76543 -15.284 4.72839 14.5309 7.77778 11.5802
-9999 -9999 -9999 -9999 -9999 -9999 -9999 -9999 -9999 -9999 6.90123 9.2963 -9999 -9999 -9999 -9.85185 0.91358 0.283951 19.716 -14.1852 -9.82716 14.1235 -13.8148 -10.6049 -9.66667 -6.93827 -1.7037 -5.64198 -10.7778 -23.6543 7.03704 -15.1358 -15.9259 -16.7778 -23.0494 -20.9506 -0.567902 -3.72839 -14.321 12.0988 26.3457 32.4568 13.3704 16.9877 -5.58025 -12.2593 -10.963 -20.5062 -16.2593 -15.0494 -7.23457 -10.6173 -6.81482 -4 -9.85185 -22 -11.5185 8.65432 14.6667 -4.28395 20.1481 -3.92593 -15.3827 -12.1111 8.58025 18.5802 16.0741
-9999 -9999 -9999 -9999 -9999 -9999 -9999 -9999 -9999 -9999 11.8519 13.2469 -9999 -9999 -9999 -9.32099 5.24691 10.0864 28.679 -4.24691 24.0988 24.679 0.65432 -16.1358 -10.3951 -5.46914 0.444443 -4.44444 -25.2346 -11.1358 13.2963 2.14815 9.24691 -14.2346 -7.33333 -20.4444 -16.1728 1.76543 2.25926 37.358 21.6049 4.37037 5.91358 -22.5309 -2.30864 -10.8519 -7.88889 -8.34568 -15.0123 -11.4321 -12.4321 4.67901 4.4321 4.45679 -0.91358 -17.037 -24.3951 3.5679 -5.79012 6.71605 19.0247 -2.80247 -16.1975 -12.3086 -4.46914 27.679 32.5432
-9999 -9999 -9999 -9999 -9999 -9999 -9999 -9999 -9999 -2.41975 15.5802 28.0864 -3.72839 -9999 -9999 10.8765 10.0247 7.7037 -22.4938 16.4444 22.0123 42.9136 -1.62963 13.1852 -0.629631 -5.32099 -7.04938 -6.96296 -23.0864 -8.27161 27.8765 33.0988 40.8025 36.4074 -27.1852 -20.5185 -3.20988 -9.44444 5.88889 27.2469 25.037 14.1481 -17.7531 -19.5309 -15.4568 1.48148 -13.037 -6.25926 6.90123 -7.37037 -13.4198 14.9259 30.3704 51.3827 3.50617 -16.2716 -9.39506 -12.5062 -8.40741 10.963 14.284 -3.76543 -8.60494 -13.3333 -10.4321 31.9753 36.1605
-9999 -9999 -9999 -9999 -9999 -9999 -9999 -9999 -9999 -2.54321 34.4568 10.2099 -9999 -9999 -7.02469 -8.71605 -11.1975 -16.3951 -22.2963 24.6296 31.8025 23.3951 15.1111 23.7778 2.38272 -5.96296 5.16049 -15.6914 -11.0988 -23.1235 41.284 42.037 40.3333 23.1235 -35.7778 -24.9506 2.32099 -16.4444 5.93827 13.0494 31.4815 8.62963 -12.6296 -18.8025 -18.0988 -21.9383 -15.0494 2.54321 14.8889 -4.45679 -11.6543 -1.2963 36.0617 47.0864 28.321 -12.6914 -23.037 -14.0617 -7.7037 -0.024693 4.38272 1.96296 -9.1358 -5.77778 -12.7531 42.8272 24.5432
-9999 -9999 -9999 -9999 -9999 -9999 -9999 -9999 -9999 -2.54321 17.4568 -2.79012 -9999 -9999 -6.24691 -7.7037 -10.1852 -9999 -21.5926 -14.2469 23.679 19.8272 27.9753 16.9383 21.2593 9.44444 14.6049 -8.50617 -22.4815 -18.1358 31.6914 60.0864 17.0123 15.2099 -30.8889 -27.6914 5.65432 -14.9506 -9.02469 24.6173 26.1852 -1.55556 -5.18518 -9.77778 -21 -14.5926 -5.24691 -2.7284 -6.98765 -10.6296 -16.7778 3.98766 6.07407 53.3086 39.6543 -20.4198 -26.5679 -5.72839 11.4815 7.93827 18.5062 -7.1358 5.51852 -17.2346 -16.6049 17.0988 8.45679
-9999 -9999 -9999 -9999 -9999 -9999 -9999 -9999 -9999 -2.28395 1.71605 -9999 -9999 -9999 -9999 -6.77778 -9.53086 -14.0247 -20.1111 -27.7037 9.8642 26.5309 25.2099 42.5556 54.8395 -1.55556 -2.28395 -19.963 -14 -16.1235 47.0988 47.9506 60.4568 3.22222 -28.8765 -30.8395 -2.51852 -17.2099 13.1728 25.2963 30.9383 7.74074 -10.5062 -11.7778 -21.8642 -8.50617 1.66667 -6.79012 0.629629 -8.2963 -15.8642 -3.54321 21.7778 64.4568 9.27161 12.2593 -27.3333 -17.9259 21.284 61.9753 48.7037 -8.37037 -15.1235 -18.4321 -22.0123 -19.7531 7.33333
-9999 -9999 -9999 -9999 -9999 -9999 -9999 -9999 -9999 -9999 -1.91358 19.8395 -2.4321 -9999 -9999 -5.4321 -7.83951 -11.5926 5.80247 -2.83951 -31.2469 -2.80247 26.5185 57.2099 33.1605 29.8889 -2.5679 16.4691 9.02469 0.160492 41.7654 56.716 39.2593 -13.3827 -17.6296 -23.716 -0.790123 -15.5185 17.0617 26.9136 -1.35802 31.9753 7.16049 -21.9383 -16.5556 -8.18518 -5.81482 6.32099 3.96296 -1.7284 -3.62963 -21.2469 -5.98766 -3.67901 23.321 18.679 -5.75309 -28.7284 44.9136 47.4074 28.7407 -2.1358 -8.8642 -20.3951 -22.3827 -23.6296 -25.4815
