inst/extdata/EV_continuous/tertpi09.asc
ncols         158
nrows         201
xllcorner     249000
yllcorner     6531500
cellsize      500
NODATA_value  -9999
[rows 30 to 59 of 201, columns 0 to 66 of 158]
-9999 -9999 -9999 -9999 -9999 -9999 -9999 -9999 -9999 -9999 -9999 -9999 -9999 -9999 -9999 -9999 -9999 -9999 -9999 -9999 -9999 -9999 -9999 -9999 -9999 -9999 -9999 -9999 -9999 -9999 -9999 -9999 -9999 -9999 -9999 -9999 -9999 -9999 -9999 -9999 -9999 11.3086 38.716 7.08642 -17.3333 -19.1975 -39.4938 2.27161 0.901237 -1.02469 -13 -0.962959 5.96296 9.17284 -3.98766 2.41975 2.51852 27.4198 37.358 -10.4074 -5.85185 -16.9506 -19.7037 -24.5432 12.284 1.44444 7.04939
-9999 -9999 -9999 -9999 -9999 -9999 -9999 -9999 -9999 -9999 -9999 -9999 -9999 -9999 -9999 -9999 -9999 -9999 -9999 -9999 -9999 -9999 -9999 -9999 -9999 -9999 -9999 -9999 -9999 -9999 -9999 -9999 -9999 -9999 -9999 -9999 -9999 -9999 -0.69136 18.0494 12.4815 12.2222 19.4321 -6.96296 -23.8148 -39.8889 -38.7531 -19.6173 -11.7407 -13.716 -13.4815 -6.50617 -0.75309 -3.48148 -6.5679 -8.30864 -8.39507 12.2469 29.5802 0.740738 -9.51852 -3.23457 -0.419754 -18.1852 -3.5679 -9.81481 12.9259
-9999 -9999 -9999 -9999 -9999 -9999 -9999 -9999 -9999 -9999 -9999 -9999 -9999 -9999 -9999 -9999 -9999 -9999 -9999 -9999 -9999 -9999 -9999 -9999 -9999 -9999 -9999 -9999 -9999 -9999 -9999 -9999 -9999 -9999 -9999 -9999 -9999 -9999 2.03704 6.38271 14.5309 4.46914 -0.222221 -36.2963 -40.8148 -33.7654 -2.34568 -4.69136 -5.75309 -8.7037 -9.97531 -20.9506 -17.7778 -19.1358 -16.963 -5.2963 -15.7778 -8.80247 -4.24691 -12.2099 -9.87654 6.83951 9.37037 -5.81481 14.9877 -19.9012 -9.11111
-9999 -9999 -9999 -9999 -9999 -9999 -9999 -9999 -9999 -9999 -9999 -9999 -9999 -9999 -9999 -9999 -9999 -9999 -9999 -9999 -9999 -9999 -9999 -9999 -9999 -9999 -9999 -9999 -9999 -9999 -9999 -9999 -9999 -9999 -9999 -9999 -9999 -9999 -8.85185 5.74074 8.77778 -12.037 -29.5679 -27.716 -15.4691 -12.8889 7.37037 -1.87654 -5.60493 -9.80247 -11.4321 -9.49383 15.4444 -2.69136 -16.3086 -15.284 -14.3457 -11.963 -12.2346 -17.5926 0.481483 6.87654 15.8395 -1.74074 -7.65432 -20.9383 -32.5185
-9999 -9999 -9999 -9999 -9999 -9999 -9999 -9999 -9999 -9999 -9999 -9999 -9999 -9999 -9999 -9999 -9999 -9999 -9999 -9999 -9999 -9999 -9999 -9999 -9999 -9999 -9999 -9999 -9999 -9999 -9999 -9999 -9999 -9999 -9999 -9999 -9999 -9999 -6.02469 -9.76543 -14.284 -38.4691 -37.0741 -8.80247 -5.72839 -15.5185 25.3457 8.48148 -1.19753 -17.8889 -20.6914 -1.41975 8.8642 -1.74074 -11.8148 9.25926 0.925926 -15.6914 -6.55556 -7.88889 -3.11111 6.41975 9.59259 -9.71605 -18.1235 -30.037 -32.5062
-9999 -9999 -9999 -9999 -9999 -9999 -9999 -9999 -9999 -9999 -9999 -9999 -9999 -9999 -9999 -9999 -9999 -9999 -9999 -9999 -9999 -9999 -9999 -9999 -9999 -9999 -9999 -9999 -9999 -9999 -9999 -9999 -9999 -9999 -9999 -9999 5.30864 15.4444 -6.90124 -23.6296 -33.5432 -14.358 -26.0247 -27.9136 -36.3827 12.7284 28.037 10.9012 4.92592 -22.7531 -9.24692 -8.48148 25.0247 8.51852 -2.74074 4.59259 -2.50617 0.111115 -16.7654 3.75309 0.65432 -7.65432 17.8889 -8.71605 -11.1481 -30.1728 -32.9506
-9999 -9999 -9999 -9999 -9999 -9999 -9999 -9999 -9999 -9999 -9999 -9999 -9999 -9999 -9999 -9999 -9999 -9999 -9999 -9999 -9999 -9999 -9999 -9999 -9999 -9999 -9999 -9999 -9999 -9999 -9999 -9999 -9999 -9999 -9999 -9999 -0.69136 -1.03704 -24.8395 -28.4444 -33.4691 1.8642 -18.8519 -16.0247 -4.8642 20.9506 22.3827 4.04938 -3.49382 -5.14815 -2.08643 -13.6173 11.3333 4.72839 1.44444 1.30864 8.65432 -6.02469 3.71605 26.3086 0.135803 6.91358 -9.85185 9.35802 -8.76543 -16.7654 -34.2222
-9999 -9999 -9999 -9999 -9999 -9999 -9999 -9999 -9999 -9999 -9999 -9999 -9999 -9999 -9999 -9999 -9999 -9999 -9999 -9999 -9999 -9999 -9999 -9999 -9999 -9999 -9999 -9999 -9999 -9999 -9999 -9999 -9999 -9999 -9999 -2.08642 10.4568 0.555557 -33.6914 -20.6543 -38.2222 -10.3704 -34.2593 3.92593 21.4691 26.963 -2.66667 29.5309 7.49382 22.5185 18.4815 5.93828 -3.35803 -0.716049 -4.50618 2.02469 0.283951 -11.1235 -15.358 29.3827 6.28395 -9.91358 9.08642 13.8889 7.87654 -14.1235 -18.1481
-9999 -9999 -9999 -9999 -9999 -9999 -9999 -9999 -9999 -9999 -9999 -9999 -9999 -9999 -9999 -9999 -9999 -9999 -9999 -9999 -9999 -9999 -9999 -9999 -9999 -9999 -9999 -9999 -9999 -9999 -9999 -9999 -9999 -9999 1.16049 8.88889 0.580246 0.827164 -17.9877 -5.06173 -30.9753 -30.1235 -10.2346 59.2593 44.284 34.7901 -12.2716 21.9753 36.9877 8.93828 13.0617 0.444443 -16.0494 -11.7407 0.59259 13.6543 -2.61729 1.67902 -21.8765 -14.358 -13.6173 12.9877 20.8519 5.32098 8.40741 -6.59259 -10.1481
-9999 -9999 -9999 -9999 -9999 -9999 -9999 -9999 -9999 -9999 -9999 -9999 -9999 -9999 -9999 -9999 -9999 -9999 -9999 -9999 -9999 -9999 -9999 -9999 -9999 -9999 -9999 -9999 -9999 -9999 -9999 -9999 -1.30864 13.6543 19.2963 4.04939 -7.74074 -29.7901 14.6543 7.45679 5.83951 -46.3333 -6.65432 53.5185 38.2716 42.4691 17.1111 17.6296 41.2469 13.0988 14.5802 36.6667 -4.41975 4.09877 -4.33333 1.23457 0.506172 -19.2593 -14.9753 -13.8642 -8.59259 4.75309 16.7407 12.2716 15 -12.3951 3.50617
-9999 -9999 -9999 -9999 -9999 -9999 -9999 -9999 -9999 -9999 -9999 -9999 -9999 -9999 -9999 -9999 -9999 -9999 -9999 -9999 -9999 -9999 -9999 -9999 -9999 -9999 -9999 -9999 -9999 -9999 -9999 -9999 -9999 -9999 21.1605 38.9383 -1.20988 -33.9259 16.1481 15.9383 7.07407 -46.2963 -6.18518 26.6667 41.9259 49.5185 31.8148 14.5679 25.0494 32.1481 46.6667 52.4074 4.98766 4.75308 4.01234 -9.22223 -5.72839 -20.2346 -4.04939 6.8642 -9.27161 -5.40741 -3.49383 9.97531 13.1481 -15.0741 -3.39507
-9999 -9999 -9999 -9999 -9999 -9999 -9999 -9999 -9999 -9999 -9999 -9999 -9999 -9999 -9999 -9999 -9999 -9999 -9999 -9999 -9999 -9999 -9999 -9999 -9999 -9999 -9999 -9999 -9999 -9999 -9999 -9999 -9999 8.40741 3.97531 12.1358 10.5185 -31.0617 12.0123 35.4444 -4.14815 19.9136 -14.2469 18.8272 22.6173 24.2346 4.7037 -24.3951 5.85185 31.7284 63.8765 76.1728 5.48148 13.321 13.1235 -13.037 -11.7778 -13.5926 -5.7037 -4.2963 -9.71605 -24.2963 -2.59259 34.9506 10.7407 -20.2346 -5.48148
-9999 -9999 -9999 -9999 -9999 -9999 -9999 -9999 -9999 -9999 -9999 -9999 -9999 -9999 -9999 -9999 -9999 -9999 -9999 -9999 -9999 -9999 -9999 -9999 -9999 -9999 -9999 -9999 -9999 -9999 -9999 -9999 -9999 -1.71605 5.55556 20.716 8.8642 -37.5309 -10.716 18.679 7.92593 30.4691 -42.2099 11.321 29.3704 26.1358 14.2346 -19.7901 -9.50618 28.716 45 52.4198 -20.1728 -10.3457 -30.4321 -22.9506 -18.5309 8.45679 8.17284 -20.6543 -1.18519 -38.8765 -9 26.1852 7.8642 -10.037 -9.11111
-9999 -9999 -9999 -9999 -9999 -9999 -9999 -9999 -9999 -9999 -9999 -9999 -9999 -9999 -9999 -9999 -9999 -9999 -9999 -9999 -9999 -9999 -9999 -9999 -9999 -9999 -9999 -9999 -8.74074 -9999 -19.0864 -24.6667 -11.0617 -1.48148 3.5679 21.5185 16.4815 -34.3457 -5.77778 2.39507 -28.3333 23.1605 -42.9506 15.8148 31.642 33.716 15.9753 -24.0741 -16.4444 39.3086 47.2469 50.7407 -7.18518 -20.8765 -41.3333 -9 0.037041 18.0494 14.1111 -5.53086 -26.0988 -42.3827 -41.0494 19.9259 16.2099 -4.2963 -10.2346
-9999 -9999 -9999 -9999 -9999 -9999 -9999 -9999 -9999 -9999 -9999 -9999 -9999 -9999 -9999 -9999 -9999 -9999 -9999 -9999 -9999 -9999 -9999 -9999 -9999 -9999 -17.9136 -0.543209 -10.0617 -1.76543 1.97531 4.39507 -21.7654 3.40741 4.40741 12.3951 -31.4321 2.25926 -2.06173 28.9136 -27.2716 5.85185 -27.7284 16.1358 35.5185 34.8272 21.5309 0.086426 -19.0494 7.65433 26.5185 51.2222 4.61728 -12.3086 -45.5185 -22.679 -22.7284 3.2963 5.18519 -13.7407 1.83951 -12.3457 -40.5556 -5.59259 15.4444 3.34568 -15.0988
-9999 -9999 -9999 -9999 -9999 -9999 -9999 -9999 -9999 -9999 -9999 -9999 -9999 -9999 -9999 -9999 -9999 -9999 -9999 -9999 -9999 -9999 -9999 -9999 -9999 -6.91358 2.06173 -0.901234 -10.4444 5 15.8148 -5.48148 -2.69136 3.79012 4.20988 -17.9259 -16.3951 -6.53086 14.2469 19.7778 -20.4198 -19.4321 -42.7407 -16 19.1235 26.3086 17.6296 3.34567 -16.2716 -4.41975 40.1728 33.3457 33.2593 -34.1728 -37.1358 -34.6049 -30.1358 -1.46914 -14.2469 6.39507 11.4815 -0.185188 5.79012 -39.5185 3.23457 2.5679 5.87654
-9999 -9999 -9999 -9999 -9999 -9999 -9999 -9999 -9999 -9999 -9999 -9999 -9999 -9999 -9999 -9999 -9999 -9999 -9999 -9999 -9999 -9999 -9999 -9999 -9999 4.16049 -17.5062 -7.8642 -11.8025 -0.469135 14.9877 -3.45679 -8.59259 -21.963 -19.9877 -21.0247 -23.2716 -18.8395 -13.9383 -12.3333 -25.1235 -37.6173 -37.6543 -18.4568 4.76543 24.716 13.963 8 -9.67902 23.6543 24.2963 0.246918 -27 -49.8272 -20.9136 6.75308 -30.4568 -26.0864 -19.8642 -11.6543 -2.54321 -3.92593 -4.18519 -37.8765 -32.7531 -7.03704 -18.4815
-9999 -9999 -9999 -9999 -9999 -9999 -9999 -9999 -9999 -9999 -9999 -9999 -9999 -9999 -9999 -9999 -9999 -9999 -9999 -9999 -9999 -9999 -9999 -9999 -9999 -16.7531 -2.69136 2.77778 5.93827 -4.20988 7.11111 2.97531 -17.4444 -14.8272 -10.642 -20.1975 -21.8148 -13.9012 -3.01234 14.358 -15.1111 -11.642 -23.7654 -17.4321 17.037 20.358 16.1358 29.321 0.185181 7.41975 24.3457 -10.5926 -45.4568 -16.0247 -4.1358 14.1728 5.58025 -15.1975 -11.8519 -3.62963 2.48148 -14.7531 4.30864 10.9136 -37.8519 6.09876 -23.5309
-9999 -9999 -9999 -9999 -9999 -9999 -9999 -9999 -9999 -9999 -9999 -9999 -9999 -9999 -9999 -9999 -9999 -9999 -9999 -9999 -9999 -9999 -9999 -9999 -9999 -14.4074 0.086418 20.0617 10.6914 8.97531 9.09876 3.64198 -9.30864 4.40741 12.2963 -2.50617 -6.25926 0.382713 6.19753 3.37037 -4.12346 -19.0617 -19.2099 -4.91358 5.23457 13.1111 27.5926 28.7284 11.2963 0.061722 13.6296 -28.2099 -13.7284 32.5802 20.2716 34.1358 15.9753 4.59259 -8.20987 -4.92592 -3.08642 -12.3086 -14.5432 0.074074 -12.0494 -41.8272 -39.8642
-9999 -9999 -9999 -9999 -9999 -9999 -9999 -9999 -9999 -9999 -9999 -9999 -9999 -9999 -9999 -9999 -9999 -9999 -9999 -9999 -9999 -9999 -9999 -9999 -9999 -9999 -5.17284 13.0864 11.037 10.0988 0.925926 -16.284 -4.16049 12.2593 9.51852 -5.62963 2.04939 16.3457 44.3951 27.8395 -25.4198 10.7407 7.95061 -2.02469 27.716 16.7531 15.9012 13.6049 6.06172 30.358 -21.4815 -37.4938 -8.17284 24.6173 25.3333 36.9136 38.1975 13 -8.50618 -3.38272 -10.4691 -5.38271 -9.66666 4.14815 -26.5926 -43.358 -6.16049
-9999 -9999 -9999 -9999 -9999 -9999 -9999 -9999 -9999 -9999 -9999 -9999 -9999 -9999 -9999 -9999 -9999 -9999 -9999 -9999 -9999 -9999 -9999 -9999 -9999 -8 1.02469 12.7407 13.5679 12.7778 -12.5185 -27.037 8.67902 17.2099 5.93827 7.06173 -3.34568 37 46.2469 22.7407 -20.9877 4.72839 14 -29.6049 20.9506 9.50617 15.4198 24.8519 23.1235 -22.1975 -21.6296 -18 11.2222 9.49382 14.7037 18.3704 35.8889 23.9136 28.4444 -3.93828 -11.9753 -18.8395 -11.037 6.44444 -3.04939 -21.0617 -42.4321
-9999 -9999 -9999 -9999 -9999 -9999 -9999 -9999 -9999 -9999 -9999 -9999 -9999 -9999 -9999 -9999 -9999 -9999 -9999 -9999 -9999 -9999 -9999 -9999 -9999 6.38272 25 10.9506 11.8765 -7.77778 -14.4938 -24.1235 2.40741 14.9753 -7.81481 -7.79012 19.8395 45.9753 46.037 -13.0988 -35.3827 8.45679 12.5679 -20.5432 18.0617 7.24691 -3.06173 4.11111 -18.642 -18.5802 -17.5432 -6.41975 26.6667 14.3951 18 20.0247 25.5556 33.0617 28.2593 30.5679 -3.51852 -12.3827 -4.69136 4.40741 6.74074 -2.25926 -20.4444
-9999 -9999 -9999 -9999 -9999 -9999 -9999 -9999 -3.98765 -9999 -9999 -9999 -9999 -9999 -9999 -9999 -9999 -9999 -9999 -9999 -9999 -9999 -9999 -9999 -9999 -6.12346 -5.97531 -12.7037 -0.222221 -9.30864 -8.83951 -11.5432 9.65432 -2.7037 -17.7531 15.3951 40.0617 40.7654 23.716 -39.642 12.284 14.0988 5.76543 -21.0123 -5.48148 -19 -11.1605 -11.3333 11.4444 -20.7654 -18.5185 -2.2963 16.5309 3.12346 19.5802 18.284 28.9136 23.1111 28.8642 42.8765 -14.9506 -8.62962 -21.6543 1.12346 17.1728 -3.55556 7.44444
-9999 -9999 -9999 -9999 -9999 -9999 -9999 -9999 27.4074 7.33333 -9999 -9999 -9999 -9999 -9999 -9999 -9999 -9999 -9999 -9999 -9999 -9999 -9999 -9999 -19.7407 -6.4321 1.45679 2.28395 -5.41975 18.2222 -16.7901 -14.284 6.91358 -15.2593 11.2593 3.18519 37.8889 27.2222 -10.1358 -32.1481 18.321 12.358 -20.6049 -30.1111 -25.2716 -12.716 -7.2963 -9.03704 -6.35802 -18.1605 -22.0247 -13.2593 2.8642 -12.5185 23.8148 24.7407 26.8272 26.1852 34.9877 34.9383 -5.90123 4.33333 -10.8148 -8.45679 -1.58025 -9.04939 -7.71605
-9999 -9999 -9999 -9999 -9999 -9999 -9999 -3.24691 -3.85185 -5.24691 -9999 -9999 -9999 -9999 -9999 -9999 -9999 -9999 -9999 -9999 -9999 -9999 -9999 -9999 -0.024693 5.01234 5.5679 -3.41975 2.96296 4.64198 -18.7654 -11.7407 -19.3951 1.97531 21.1235 6.35802 9.46914 -0.395065 -16.1481 -20.8148 4.55556 -4.41975 -13.1605 -33.9136 -33.1852 -21.2716 -10.3704 -6 -8.07407 -6.98766 -13.9506 -25.6049 -16.7037 -13.8395 46.1358 30.4198 19.0741 21.7654 4.62962 20.4321 22.9012 38.6543 -13.8395 -10.1111 -4.7037 -0.135803 -7.87654
-9999 -9999 -9999 -9999 -9999 -9999 -9999 -6.54321 -9999 22.2469 3.5679 -17.0494 -9999 -9999 -9999 -9999 -9999 -9999 -9999 -9999 -9999 -9999 -9999 -9999 -3.74074 24.9877 9.22222 2.35802 -1.06173 9.1358 -19.6667 3.92593 -18.4691 13.3457 37.3704 16.8025 3.38271 -4.24691 -30.8642 -21.358 4.65432 5.71605 -23.7284 -27.4321 -32.5679 5.62963 4.09876 -8.23457 3.82716 8.97531 -9.28395 2.18518 -0.728394 -14.2346 9.27161 28.2716 25.5432 13.7407 3.66667 7.55556 9.81482 8.41975 16.716 -6.51852 -8.38272 -14.7901 -16.0123
-9999 -9999 -9999 -9999 -9999 -9999 -9999 -9999 -9999 -10.1481 29.0988 -16.2469 -9999 -9999 -9999 -9999 -9999 -9999 -9999 -9999 -9999 -9999 -9999 -9999 -3.75309 8.88889 5.35802 -0.086418 1.96296 18.7407 -19.8765 3.96296 -4.69136 24.4444 10.8765 3.97531 10.8889 -10.321 -22.1481 -1.30864 11.8395 -7.77778 -16.8148 -23.8025 -25.9136 7.82716 5.39507 9.65432 6.40741 6.98766 -4.01234 -8.85185 23.9506 -5.64197 -15.6049 1.72839 5.62962 0.037033 3.22223 5.1358 13.4321 25.1975 5.37038 -8.66667 -5.67902 -8.14815 -14.3951
-9999 -9999 -9999 -9999 -9999 -9999 -9999 -9999 -9999 -11.9506 4.66667 -20.7778 -9999 -9999 -9999 -9999 -9999 -9999 -9999 -9999 -9999 -9999 -9999 -9999 -18.8519 -9.65432 8.01234 9.97531 -3.39506 18.7284 -20.7284 -12.9877 3.7037 29.2469 -2.75309 8.75309 2.33333 -6.7037 -4.91358 18.4444 8.07407 -22.1111 -19.1111 -25.5556 -8.91358 21.716 4.16049 4.12346 2.32098 -9.51852 17.9012 -15.1728 16.5062 23.1975 -13.0123 -9.67902 -13.8025 10.0617 12.6296 4.8642 -1.49382 35.4321 9.1358 17.2469 1 4.33333 -21.716
-9999 -9999 -9999 -9999 -9999 -9999 -9999 -9999 -10.8889 -9.5679 65.1358 3.93827 -26.8395 -9999 -9999 -9999 -9999 -9999 -9999 -9999 -9999 -9999 -9999 17.3457 -14.5926 1.77778 16.5309 -1.33333 0.716049 -7 -16.8889 -10.5802 19.3457 10.0123 5.5679 0.296295 1.66667 -10.1235 6.22222 13.8148 -21.0988 -1.54321 -22.0617 -23.3827 -32.1605 20.3086 -31.3827 -12.5679 -11.2963 -20.1852 -22.6173 -27.1605 -0.740738 19.3951 -0.962967 -15.642 -11.358 12.5185 9.69136 5.39507 -9.55556 11.1481 19.3333 32.4691 24.5309 3.33333 10.1111
-9999 -9999 -9999 -9999 -9999 -9999 -9999 -11.9753 -2.01235 97.0617 75.0864 31.9506 -28 -33.4568 -0.024693 -3.16049 -9999 -9999 -9999 -9999 -9999 14.2222 -4.5679 -15.4198 -15.1481 -9.04938 16.3457 3.45679 -14.358 -5.97531 -22.5926 -17 3.2963 -7.22222 -14.2593 4.66667 -4.62963 3.54321 -11.9012 24.7778 -20.9012 2.92593 -9.75309 17.5062 -36.4815 -3.74074 22.9506 22.8272 -8.72839 3.35803 -20.3086 -12.1975 22.1481 1.41975 -0.444443 -7.2963 -3.25926 -0.617279 -10.5309 -6.8642 -9.37038 -5.98766 18.8889 27.4074 31.4691 0.790131 6.71605
